x, y
0, 674
1, 674
2, 670
3, 670
4, 674
5, 674
6, 670
7, 670
8, 674
9, 674
10, 670
11, 670
12, 674
13, 674
14, 670
15, 670
16, 674
17, 674
18, 670
19, 670
20, 674
21, 674
22, 670
23, 670
24, 674
25, 674
26, 670
27, 670
28, 674
29, 674
30, 670
31, 670
32, 738
33, 738
34, 734
35, 734
36, 738
37, 738
38, 734
39, 734
40, 738
41, 738
42, 734
43, 734
44, 738
45, 738
46, 734
47, 734
48, 738
49, 738
50, 734
51, 734
52, 738
53, 738
54, 734
55, 734
56, 738
57, 738
58, 734
59, 734
60, 738
61, 738
62, 734
63, 734
64, 546
65, 546
66, 542
67, 542
68, 546
69, 546
70, 542
71, 542
72, 546
73, 546
74, 542
75, 542
76, 546
77, 546
78, 542
79, 542
80, 546
81, 546
82, 542
83, 542
84, 546
85, 546
86, 542
87, 542
88, 546
89, 546
90, 542
91, 542
92, 546
93, 546
94, 542
95, 542
96, 610
97, 610
98, 606
99, 606
100, 610
101, 610
102, 606
103, 606
104, 610
105, 610
106, 606
107, 606
108, 610
109, 610
110, 606
111, 606
112, 610
113, 610
114, 606
115, 606
116, 610
117, 610
118, 606
119, 606
120, 610
121, 610
122, 606
123, 606
124, 610
125, 610
126, 606
127, 606
128, 930
129, 930
130, 926
131, 926
132, 930
133, 930
134, 926
135, 926
136, 930
137, 930
138, 926
139, 926
140, 930
141, 930
142, 926
143, 926
144, 930
145, 930
146, 926
147, 926
148, 930
149, 930
150, 926
151, 926
152, 930
153, 930
154, 926
155, 926
156, 930
157, 930
158, 926
159, 926
160, 994
161, 994
162, 990
163, 990
164, 994
165, 994
166, 990
167, 990
168, 994
169, 994
170, 990
171, 990
172, 994
173, 994
174, 990
175, 990
176, 994
177, 994
178, 990
179, 990
180, 994
181, 994
182, 990
183, 990
184, 994
185, 994
186, 990
187, 990
188, 994
189, 994
190, 990
191, 990
192, 802
193, 802
194, 798
195, 798
196, 802
197, 802
198, 798
199, 798
200, 802
201, 802
202, 798
203, 798
204, 802
205, 802
206, 798
207, 798
208, 802
209, 802
210, 798
211, 798
212, 802
213, 802
214, 798
215, 798
216, 802
217, 802
218, 798
219, 798
220, 802
221, 802
222, 798
223, 798
224, 866
225, 866
226, 862
227, 862
228, 866
229, 866
230, 862
231, 862
232, 866
233, 866
234, 862
235, 862
236, 866
237, 866
238, 862
239, 862
240, 866
241, 866
242, 862
243, 862
244, 866
245, 866
246, 862
247, 862
248, 866
249, 866
250, 862
251, 862
252, 866
253, 866
254, 862
255, 862
256, 162
257, 162
258, 158
259, 158
260, 162
261, 162
262, 158
263, 158
264, 162
265, 162
266, 158
267, 158
268, 162
269, 162
270, 158
271, 158
272, 162
273, 162
274, 158
275, 158
276, 162
277, 162
278, 158
279, 158
280, 162
281, 162
282, 158
283, 158
284, 162
285, 162
286, 158
287, 158
288, 226
289, 226
290, 222
291, 222
292, 226
293, 226
294, 222
295, 222
296, 226
297, 226
298, 222
299, 222
300, 226
301, 226
302, 222
303, 222
304, 226
305, 226
306, 222
307, 222
308, 226
309, 226
310, 222
311, 222
312, 226
313, 226
314, 222
315, 222
316, 226
317, 226
318, 222
319, 222
320, 34
321, 34
322, 30
323, 30
324, 34
325, 34
326, 30
327, 30
328, 34
329, 34
330, 30
331, 30
332, 34
333, 34
334, 30
335, 30
336, 34
337, 34
338, 30
339, 30
340, 34
341, 34
342, 30
343, 30
344, 34
345, 34
346, 30
347, 30
348, 34
349, 34
350, 30
351, 30
352, 98
353, 98
354, 94
355, 94
356, 98
357, 98
358, 94
359, 94
360, 98
361, 98
362, 94
363, 94
364, 98
365, 98
366, 94
367, 94
368, 98
369, 98
370, 94
371, 94
372, 98
373, 98
374, 94
375, 94
376, 98
377, 98
378, 94
379, 94
380, 98
381, 98
382, 94
383, 94
384, 418
385, 418
386, 414
387, 414
388, 418
389, 418
390, 414
391, 414
392, 418
393, 418
394, 414
395, 414
396, 418
397, 418
398, 414
399, 414
400, 418
401, 418
402, 414
403, 414
404, 418
405, 418
406, 414
407, 414
408, 418
409, 418
410, 414
411, 414
412, 418
413, 418
414, 414
415, 414
416, 482
417, 482
418, 478
419, 478
420, 482
421, 482
422, 478
423, 478
424, 482
425, 482
426, 478
427, 478
428, 482
429, 482
430, 478
431, 478
432, 482
433, 482
434, 478
435, 478
436, 482
437, 482
438, 478
439, 478
440, 482
441, 482
442, 478
443, 478
444, 482
445, 482
446, 478
447, 478
448, 290
449, 290
450, 286
451, 286
452, 290
453, 290
454, 286
455, 286
456, 290
457, 290
458, 286
459, 286
460, 290
461, 290
462, 286
463, 286
464, 290
465, 290
466, 286
467, 286
468, 290
469, 290
470, 286
471, 286
472, 290
473, 290
474, 286
475, 286
476, 290
477, 290
478, 286
479, 286
480, 354
481, 354
482, 350
483, 350
484, 354
485, 354
486, 350
487, 350
488, 354
489, 354
490, 350
491, 350
492, 354
493, 354
494, 350
495, 350
496, 354
497, 354
498, 350
499, 350
500, 354
501, 354
502, 350
503, 350
504, 354
505, 354
506, 350
507, 350
508, 354
509, 354
510, 350
511, 350
512, 350
513, 350
514, 354
515, 354
516, 350
517, 350
518, 354
519, 354
520, 350
521, 350
522, 354
523, 354
524, 350
525, 350
526, 354
527, 354
528, 350
529, 350
530, 354
531, 354
532, 350
533, 350
534, 354
535, 354
536, 350
537, 350
538, 354
539, 354
540, 350
541, 350
542, 354
543, 354
544, 286
545, 286
546, 290
547, 290
548, 286
549, 286
550, 290
551, 290
552, 286
553, 286
554, 290
555, 290
556, 286
557, 286
558, 290
559, 290
560, 286
561, 286
562, 290
563, 290
564, 286
565, 286
566, 290
567, 290
568, 286
569, 286
570, 290
571, 290
572, 286
573, 286
574, 290
575, 290
576, 478
577, 478
578, 482
579, 482
580, 478
581, 478
582, 482
583, 482
584, 478
585, 478
586, 482
587, 482
588, 478
589, 478
590, 482
591, 482
592, 478
593, 478
594, 482
595, 482
596, 478
597, 478
598, 482
599, 482
600, 478
601, 478
602, 482
603, 482
604, 478
605, 478
606, 482
607, 482
608, 414
609, 414
610, 418
611, 418
612, 414
613, 414
614, 418
615, 418
616, 414
617, 414
618, 418
619, 418
620, 414
621, 414
622, 418
623, 418
624, 414
625, 414
626, 418
627, 418
628, 414
629, 414
630, 418
631, 418
632, 414
633, 414
634, 418
635, 418
636, 414
637, 414
638, 418
639, 418
640, 94
641, 94
642, 98
643, 98
644, 94
645, 94
646, 98
647, 98
648, 94
649, 94
650, 98
651, 98
652, 94
653, 94
654, 98
655, 98
656, 94
657, 94
658, 98
659, 98
660, 94
661, 94
662, 98
663, 98
664, 94
665, 94
666, 98
667, 98
668, 94
669, 94
670, 98
671, 98
672, 30
673, 30
674, 34
675, 34
676, 30
677, 30
678, 34
679, 34
680, 30
681, 30
682, 34
683, 34
684, 30
685, 30
686, 34
687, 34
688, 30
689, 30
690, 34
691, 34
692, 30
693, 30
694, 34
695, 34
696, 30
697, 30
698, 34
699, 34
700, 30
701, 30
702, 34
703, 34
704, 222
705, 222
706, 226
707, 226
708, 222
709, 222
710, 226
711, 226
712, 222
713, 222
714, 226
715, 226
716, 222
717, 222
718, 226
719, 226
720, 222
721, 222
722, 226
723, 226
724, 222
725, 222
726, 226
727, 226
728, 222
729, 222
730, 226
731, 226
732, 222
733, 222
734, 226
735, 226
736, 158
737, 158
738, 162
739, 162
740, 158
741, 158
742, 162
743, 162
744, 158
745, 158
746, 162
747, 162
748, 158
749, 158
750, 162
751, 162
752, 158
753, 158
754, 162
755, 162
756, 158
757, 158
758, 162
759, 162
760, 158
761, 158
762, 162
763, 162
764, 158
765, 158
766, 162
767, 162
768, 862
769, 862
770, 866
771, 866
772, 862
773, 862
774, 866
775, 866
776, 862
777, 862
778, 866
779, 866
780, 862
781, 862
782, 866
783, 866
784, 862
785, 862
786, 866
787, 866
788, 862
789, 862
790, 866
791, 866
792, 862
793, 862
794, 866
795, 866
796, 862
797, 862
798, 866
799, 866
800, 798
801, 798
802, 802
803, 802
804, 798
805, 798
806, 802
807, 802
808, 798
809, 798
810, 802
811, 802
812, 798
813, 798
814, 802
815, 802
816, 798
817, 798
818, 802
819, 802
820, 798
821, 798
822, 802
823, 802
824, 798
825, 798
826, 802
827, 802
828, 798
829, 798
830, 802
831, 802
832, 990
833, 990
834, 994
835, 994
836, 990
837, 990
838, 994
839, 994
840, 990
841, 990
842, 994
843, 994
844, 990
845, 990
846, 994
847, 994
848, 990
849, 990
850, 994
851, 994
852, 990
853, 990
854, 994
855, 994
856, 990
857, 990
858, 994
859, 994
860, 990
861, 990
862, 994
863, 994
864, 926
865, 926
866, 930
867, 930
868, 926
869, 926
870, 930
871, 930
872, 926
873, 926
874, 930
875, 930
876, 926
877, 926
878, 930
879, 930
880, 926
881, 926
882, 930
883, 930
884, 926
885, 926
886, 930
887, 930
888, 926
889, 926
890, 930
891, 930
892, 926
893, 926
894, 930
895, 930
896, 606
897, 606
898, 610
899, 610
900, 606
901, 606
902, 610
903, 610
904, 606
905, 606
906, 610
907, 610
908, 606
909, 606
910, 610
911, 610
912, 606
913, 606
914, 610
915, 610
916, 606
917, 606
918, 610
919, 610
920, 606
921, 606
922, 610
923, 610
924, 606
925, 606
926, 610
927, 610
928, 542
929, 542
930, 546
931, 546
932, 542
933, 542
934, 546
935, 546
936, 542
937, 542
938, 546
939, 546
940, 542
941, 542
942, 546
943, 546
944, 542
945, 542
946, 546
947, 546
948, 542
949, 542
950, 546
951, 546
952, 542
953, 542
954, 546
955, 546
956, 542
957, 542
958, 546
959, 546
960, 734
961, 734
962, 738
963, 738
964, 734
965, 734
966, 738
967, 738
968, 734
969, 734
970, 738
971, 738
972, 734
973, 734
974, 738
975, 738
976, 734
977, 734
978, 738
979, 738
980, 734
981, 734
982, 738
983, 738
984, 734
985, 734
986, 738
987, 738
988, 734
989, 734
990, 738
991, 738
992, 670
993, 670
994, 674
995, 674
996, 670
997, 670
998, 674
999, 674
1000, 670
1001, 670
1002, 674
1003, 674
1004, 670
1005, 670
1006, 674
1007, 674
1008, 670
1009, 670
1010, 674
1011, 674
1012, 670
1013, 670
1014, 674
1015, 674
1016, 670
1017, 670
1018, 674
1019, 674
1020, 670
1021, 670
1022, 674
1023, 674
1024, 674
1025, 674
1026, 670
1027, 670
1028, 674
1029, 674
1030, 670
1031, 670
1032, 674
1033, 674
1034, 670
1035, 670
1036, 674
1037, 674
1038, 670
1039, 670
1040, 674
1041, 674
1042, 670
1043, 670
1044, 674
1045, 674
1046, 670
1047, 670
1048, 674
1049, 674
1050, 670
1051, 670
1052, 674
1053, 674
1054, 670
1055, 670
1056, 738
1057, 738
1058, 734
1059, 734
1060, 738
1061, 738
1062, 734
1063, 734
1064, 738
1065, 738
1066, 734
1067, 734
1068, 738
1069, 738
1070, 734
1071, 734
1072, 738
1073, 738
1074, 734
1075, 734
1076, 738
1077, 738
1078, 734
1079, 734
1080, 738
1081, 738
1082, 734
1083, 734
1084, 738
1085, 738
1086, 734
1087, 734
1088, 546
1089, 546
1090, 542
1091, 542
1092, 546
1093, 546
1094, 542
1095, 542
1096, 546
1097, 546
1098, 542
1099, 542
1100, 546
1101, 546
1102, 542
1103, 542
1104, 546
1105, 546
1106, 542
1107, 542
1108, 546
1109, 546
1110, 542
1111, 542
1112, 546
1113, 546
1114, 542
1115, 542
1116, 546
1117, 546
1118, 542
1119, 542
1120, 610
1121, 610
1122, 606
1123, 606
1124, 610
1125, 610
1126, 606
1127, 606
1128, 610
1129, 610
1130, 606
1131, 606
1132, 610
1133, 610
1134, 606
1135, 606
1136, 610
1137, 610
1138, 606
1139, 606
1140, 610
1141, 610
1142, 606
1143, 606
1144, 610
1145, 610
1146, 606
1147, 606
1148, 610
1149, 610
1150, 606
1151, 606
1152, 930
1153, 930
1154, 926
1155, 926
1156, 930
1157, 930
1158, 926
1159, 926
1160, 930
1161, 930
1162, 926
1163, 926
1164, 930
1165, 930
1166, 926
1167, 926
1168, 930
1169, 930
1170, 926
1171, 926
1172, 930
1173, 930
1174, 926
1175, 926
1176, 930
1177, 930
1178, 926
1179, 926
1180, 930
1181, 930
1182, 926
1183, 926
1184, 994
1185, 994
1186, 990
1187, 990
1188, 994
1189, 994
1190, 990
1191, 990
1192, 994
1193, 994
1194, 990
1195, 990
1196, 994
1197, 994
1198, 990
1199, 990
1200, 994
1201, 994
1202, 990
1203, 990
1204, 994
1205, 994
1206, 990
1207, 990
1208, 994
1209, 994
1210, 990
1211, 990
1212, 994
1213, 994
1214, 990
1215, 990
1216, 802
1217, 802
1218, 798
1219, 798
1220, 802
1221, 802
1222, 798
1223, 798
1224, 802
1225, 802
1226, 798
1227, 798
1228, 802
1229, 802
1230, 798
1231, 798
1232, 802
1233, 802
1234, 798
1235, 798
1236, 802
1237, 802
1238, 798
1239, 798
1240, 802
1241, 802
1242, 798
1243, 798
1244, 802
1245, 802
1246, 798
1247, 798
1248, 866
1249, 866
1250, 862
1251, 862
1252, 866
1253, 866
1254, 862
1255, 862
1256, 866
1257, 866
1258, 862
1259, 862
1260, 866
1261, 866
1262, 862
1263, 862
1264, 866
1265, 866
1266, 862
1267, 862
1268, 866
1269, 866
1270, 862
1271, 862
1272, 866
1273, 866
1274, 862
1275, 862
1276, 866
1277, 866
1278, 862
1279, 862
1280, 162
1281, 162
1282, 158
1283, 158
1284, 162
1285, 162
1286, 158
1287, 158
1288, 162
1289, 162
1290, 158
1291, 158
1292, 162
1293, 162
1294, 158
1295, 158
1296, 162
1297, 162
1298, 158
1299, 158
1300, 162
1301, 162
1302, 158
1303, 158
1304, 162
1305, 162
1306, 158
1307, 158
1308, 162
1309, 162
1310, 158
1311, 158
1312, 226
1313, 226
1314, 222
1315, 222
1316, 226
1317, 226
1318, 222
1319, 222
1320, 226
1321, 226
1322, 222
1323, 222
1324, 226
1325, 226
1326, 222
1327, 222
1328, 226
1329, 226
1330, 222
1331, 222
1332, 226
1333, 226
1334, 222
1335, 222
1336, 226
1337, 226
1338, 222
1339, 222
1340, 226
1341, 226
1342, 222
1343, 222
1344, 34
1345, 34
1346, 30
1347, 30
1348, 34
1349, 34
1350, 30
1351, 30
1352, 34
1353, 34
1354, 30
1355, 30
1356, 34
1357, 34
1358, 30
1359, 30
1360, 34
1361, 34
1362, 30
1363, 30
1364, 34
1365, 34
1366, 30
1367, 30
1368, 34
1369, 34
1370, 30
1371, 30
1372, 34
1373, 34
1374, 30
1375, 30
1376, 98
1377, 98
1378, 94
1379, 94
1380, 98
1381, 98
1382, 94
1383, 94
1384, 98
1385, 98
1386, 94
1387, 94
1388, 98
1389, 98
1390, 94
1391, 94
1392, 98
1393, 98
1394, 94
1395, 94
1396, 98
1397, 98
1398, 94
1399, 94
1400, 98
1401, 98
1402, 94
1403, 94
1404, 98
1405, 98
1406, 94
1407, 94
1408, 418
1409, 418
1410, 414
1411, 414
1412, 418
1413, 418
1414, 414
1415, 414
1416, 418
1417, 418
1418, 414
1419, 414
1420, 418
1421, 418
1422, 414
1423, 414
1424, 418
1425, 418
1426, 414
1427, 414
1428, 418
1429, 418
1430, 414
1431, 414
1432, 418
1433, 418
1434, 414
1435, 414
1436, 418
1437, 418
1438, 414
1439, 414
1440, 482
1441, 482
1442, 478
1443, 478
1444, 482
1445, 482
1446, 478
1447, 478
1448, 482
1449, 482
1450, 478
1451, 478
1452, 482
1453, 482
1454, 478
1455, 478
1456, 482
1457, 482
1458, 478
1459, 478
1460, 482
1461, 482
1462, 478
1463, 478
1464, 482
1465, 482
1466, 478
1467, 478
1468, 482
1469, 482
1470, 478
1471, 478
1472, 290
1473, 290
1474, 286
1475, 286
1476, 290
1477, 290
1478, 286
1479, 286
1480, 290
1481, 290
1482, 286
1483, 286
1484, 290
1485, 290
1486, 286
1487, 286
1488, 290
1489, 290
1490, 286
1491, 286
1492, 290
1493, 290
1494, 286
1495, 286
1496, 290
1497, 290
1498, 286
1499, 286
1500, 290
1501, 290
1502, 286
1503, 286
1504, 354
1505, 354
1506, 350
1507, 350
1508, 354
1509, 354
1510, 350
1511, 350
1512, 354
1513, 354
1514, 350
1515, 350
1516, 354
1517, 354
1518, 350
1519, 350
1520, 354
1521, 354
1522, 350
1523, 350
1524, 354
1525, 354
1526, 350
1527, 350
1528, 354
1529, 354
1530, 350
1531, 350
1532, 354
1533, 354
1534, 350
1535, 350
1536, 350
1537, 350
1538, 354
1539, 354
1540, 350
1541, 350
1542, 354
1543, 354
1544, 350
1545, 350
1546, 354
1547, 354
1548, 350
1549, 350
1550, 354
1551, 354
1552, 350
1553, 350
1554, 354
1555, 354
1556, 350
1557, 350
1558, 354
1559, 354
1560, 350
1561, 350
1562, 354
1563, 354
1564, 350
1565, 350
1566, 354
1567, 354
1568, 286
1569, 286
1570, 290
1571, 290
1572, 286
1573, 286
1574, 290
1575, 290
1576, 286
1577, 286
1578, 290
1579, 290
1580, 286
1581, 286
1582, 290
1583, 290
1584, 286
1585, 286
1586, 290
1587, 290
1588, 286
1589, 286
1590, 290
1591, 290
1592, 286
1593, 286
1594, 290
1595, 290
1596, 286
1597, 286
1598, 290
1599, 290
1600, 478
1601, 478
1602, 482
1603, 482
1604, 478
1605, 478
1606, 482
1607, 482
1608, 478
1609, 478
1610, 482
1611, 482
1612, 478
1613, 478
1614, 482
1615, 482
1616, 478
1617, 478
1618, 482
1619, 482
1620, 478
1621, 478
1622, 482
1623, 482
1624, 478
1625, 478
1626, 482
1627, 482
1628, 478
1629, 478
1630, 482
1631, 482
1632, 414
1633, 414
1634, 418
1635, 418
1636, 414
1637, 414
1638, 418
1639, 418
1640, 414
1641, 414
1642, 418
1643, 418
1644, 414
1645, 414
1646, 418
1647, 418
1648, 414
1649, 414
1650, 418
1651, 418
1652, 414
1653, 414
1654, 418
1655, 418
1656, 414
1657, 414
1658, 418
1659, 418
1660, 414
1661, 414
1662, 418
1663, 418
1664, 94
1665, 94
1666, 98
1667, 98
1668, 94
1669, 94
1670, 98
1671, 98
1672, 94
1673, 94
1674, 98
1675, 98
1676, 94
1677, 94
1678, 98
1679, 98
1680, 94
1681, 94
1682, 98
1683, 98
1684, 94
1685, 94
1686, 98
1687, 98
1688, 94
1689, 94
1690, 98
1691, 98
1692, 94
1693, 94
1694, 98
1695, 98
1696, 30
1697, 30
1698, 34
1699, 34
1700, 30
1701, 30
1702, 34
1703, 34
1704, 30
1705, 30
1706, 34
1707, 34
1708, 30
1709, 30
1710, 34
1711, 34
1712, 30
1713, 30
1714, 34
1715, 34
1716, 30
1717, 30
1718, 34
1719, 34
1720, 30
1721, 30
1722, 34
1723, 34
1724, 30
1725, 30
1726, 34
1727, 34
1728, 222
1729, 222
1730, 226
1731, 226
1732, 222
1733, 222
1734, 226
1735, 226
1736, 222
1737, 222
1738, 226
1739, 226
1740, 222
1741, 222
1742, 226
1743, 226
1744, 222
1745, 222
1746, 226
1747, 226
1748, 222
1749, 222
1750, 226
1751, 226
1752, 222
1753, 222
1754, 226
1755, 226
1756, 222
1757, 222
1758, 226
1759, 226
1760, 158
1761, 158
1762, 162
1763, 162
1764, 158
1765, 158
1766, 162
1767, 162
1768, 158
1769, 158
1770, 162
1771, 162
1772, 158
1773, 158
1774, 162
1775, 162
1776, 158
1777, 158
1778, 162
1779, 162
1780, 158
1781, 158
1782, 162
1783, 162
1784, 158
1785, 158
1786, 162
1787, 162
1788, 158
1789, 158
1790, 162
1791, 162
1792, 862
1793, 862
1794, 866
1795, 866
1796, 862
1797, 862
1798, 866
1799, 866
1800, 862
1801, 862
1802, 866
1803, 866
1804, 862
1805, 862
1806, 866
1807, 866
1808, 862
1809, 862
1810, 866
1811, 866
1812, 862
1813, 862
1814, 866
1815, 866
1816, 862
1817, 862
1818, 866
1819, 866
1820, 862
1821, 862
1822, 866
1823, 866
1824, 798
1825, 798
1826, 802
1827, 802
1828, 798
1829, 798
1830, 802
1831, 802
1832, 798
1833, 798
1834, 802
1835, 802
1836, 798
1837, 798
1838, 802
1839, 802
1840, 798
1841, 798
1842, 802
1843, 802
1844, 798
1845, 798
1846, 802
1847, 802
1848, 798
1849, 798
1850, 802
1851, 802
1852, 798
1853, 798
1854, 802
1855, 802
1856, 990
1857, 990
1858, 994
1859, 994
1860, 990
1861, 990
1862, 994
1863, 994
1864, 990
1865, 990
1866, 994
1867, 994
1868, 990
1869, 990
1870, 994
1871, 994
1872, 990
1873, 990
1874, 994
1875, 994
1876, 990
1877, 990
1878, 994
1879, 994
1880, 990
1881, 990
1882, 994
1883, 994
1884, 990
1885, 990
1886, 994
1887, 994
1888, 926
1889, 926
1890, 930
1891, 930
1892, 926
1893, 926
1894, 930
1895, 930
1896, 926
1897, 926
1898, 930
1899, 930
1900, 926
1901, 926
1902, 930
1903, 930
1904, 926
1905, 926
1906, 930
1907, 930
1908, 926
1909, 926
1910, 930
1911, 930
1912, 926
1913, 926
1914, 930
1915, 930
1916, 926
1917, 926
1918, 930
1919, 930
1920, 606
1921, 606
1922, 610
1923, 610
1924, 606
1925, 606
1926, 610
1927, 610
1928, 606
1929, 606
1930, 610
1931, 610
1932, 606
1933, 606
1934, 610
1935, 610
1936, 606
1937, 606
1938, 610
1939, 610
1940, 606
1941, 606
1942, 610
1943, 610
1944, 606
1945, 606
1946, 610
1947, 610
1948, 606
1949, 606
1950, 610
1951, 610
1952, 542
1953, 542
1954, 546
1955, 546
1956, 542
1957, 542
1958, 546
1959, 546
1960, 542
1961, 542
1962, 546
1963, 546
1964, 542
1965, 542
1966, 546
1967, 546
1968, 542
1969, 542
1970, 546
1971, 546
1972, 542
1973, 542
1974, 546
1975, 546
1976, 542
1977, 542
1978, 546
1979, 546
1980, 542
1981, 542
1982, 546
1983, 546
1984, 734
1985, 734
1986, 738
1987, 738
1988, 734
1989, 734
1990, 738
1991, 738
1992, 734
1993, 734
1994, 738
1995, 738
1996, 734
1997, 734
1998, 738
1999, 738
2000, 734
2001, 734
2002, 738
2003, 738
2004, 734
2005, 734
2006, 738
2007, 738
2008, 734
2009, 734
2010, 738
2011, 738
2012, 734
2013, 734
2014, 738
2015, 738
2016, 670
2017, 670
2018, 674
2019, 674
2020, 670
2021, 670
2022, 674
2023, 674
2024, 670
2025, 670
2026, 674
2027, 674
2028, 670
2029, 670
2030, 674
2031, 674
2032, 670
2033, 670
2034, 674
2035, 674
2036, 670
2037, 670
2038, 674
2039, 674
2040, 670
2041, 670
2042, 674
2043, 674
2044, 670
2045, 670
2046, 674
2047, 674
2048, 674
2049, 674
2050, 670
2051, 670
2052, 674
2053, 674
2054, 670
2055, 670
2056, 674
2057, 674
2058, 670
2059, 670
2060, 674
2061, 674
2062, 670
2063, 670
2064, 674
2065, 674
2066, 670
2067, 670
2068, 674
2069, 674
2070, 670
2071, 670
2072, 674
2073, 674
2074, 670
2075, 670
2076, 674
2077, 674
2078, 670
2079, 670
2080, 738
2081, 738
2082, 734
2083, 734
2084, 738
2085, 738
2086, 734
2087, 734
2088, 738
2089, 738
2090, 734
2091, 734
2092, 738
2093, 738
2094, 734
2095, 734
2096, 738
2097, 738
2098, 734
2099, 734
2100, 738
2101, 738
2102, 734
2103, 734
2104, 738
2105, 738
2106, 734
2107, 734
2108, 738
2109, 738
2110, 734
2111, 734
2112, 546
2113, 546
2114, 542
2115, 542
2116, 546
2117, 546
2118, 542
2119, 542
2120, 546
2121, 546
2122, 542
2123, 542
2124, 546
2125, 546
2126, 542
2127, 542
2128, 546
2129, 546
2130, 542
2131, 542
2132, 546
2133, 546
2134, 542
2135, 542
2136, 546
2137, 546
2138, 542
2139, 542
2140, 546
2141, 546
2142, 542
2143, 542
2144, 610
2145, 610
2146, 606
2147, 606
2148, 610
2149, 610
2150, 606
2151, 606
2152, 610
2153, 610
2154, 606
2155, 606
2156, 610
2157, 610
2158, 606
2159, 606
2160, 610
2161, 610
2162, 606
2163, 606
2164, 610
2165, 610
2166, 606
2167, 606
2168, 610
2169, 610
2170, 606
2171, 606
2172, 610
2173, 610
2174, 606
2175, 606
2176, 930
2177, 930
2178, 926
2179, 926
2180, 930
2181, 930
2182, 926
2183, 926
2184, 930
2185, 930
2186, 926
2187, 926
2188, 930
2189, 930
2190, 926
2191, 926
2192, 930
2193, 930
2194, 926
2195, 926
2196, 930
2197, 930
2198, 926
2199, 926
2200, 930
2201, 930
2202, 926
2203, 926
2204, 930
2205, 930
2206, 926
2207, 926
2208, 994
2209, 994
2210, 990
2211, 990
2212, 994
2213, 994
2214, 990
2215, 990
2216, 994
2217, 994
2218, 990
2219, 990
2220, 994
2221, 994
2222, 990
2223, 990
2224, 994
2225, 994
2226, 990
2227, 990
2228, 994
2229, 994
2230, 990
2231, 990
2232, 994
2233, 994
2234, 990
2235, 990
2236, 994
2237, 994
2238, 990
2239, 990
2240, 802
2241, 802
2242, 798
2243, 798
2244, 802
2245, 802
2246, 798
2247, 798
2248, 802
2249, 802
2250, 798
2251, 798
2252, 802
2253, 802
2254, 798
2255, 798
2256, 802
2257, 802
2258, 798
2259, 798
2260, 802
2261, 802
2262, 798
2263, 798
2264, 802
2265, 802
2266, 798
2267, 798
2268, 802
2269, 802
2270, 798
2271, 798
2272, 866
2273, 866
2274, 862
2275, 862
2276, 866
2277, 866
2278, 862
2279, 862
2280, 866
2281, 866
2282, 862
2283, 862
2284, 866
2285, 866
2286, 862
2287, 862
2288, 866
2289, 866
2290, 862
2291, 862
2292, 866
2293, 866
2294, 862
2295, 862
2296, 866
2297, 866
2298, 862
2299, 862
2300, 866
2301, 866
2302, 862
2303, 862
2304, 162
2305, 162
2306, 158
2307, 158
2308, 162
2309, 162
2310, 158
2311, 158
2312, 162
2313, 162
2314, 158
2315, 158
2316, 162
2317, 162
2318, 158
2319, 158
2320, 162
2321, 162
2322, 158
2323, 158
2324, 162
2325, 162
2326, 158
2327, 158
2328, 162
2329, 162
2330, 158
2331, 158
2332, 162
2333, 162
2334, 158
2335, 158
2336, 226
2337, 226
2338, 222
2339, 222
2340, 226
2341, 226
2342, 222
2343, 222
2344, 226
2345, 226
2346, 222
2347, 222
2348, 226
2349, 226
2350, 222
2351, 222
2352, 226
2353, 226
2354, 222
2355, 222
2356, 226
2357, 226
2358, 222
2359, 222
2360, 226
2361, 226
2362, 222
2363, 222
2364, 226
2365, 226
2366, 222
2367, 222
2368, 34
2369, 34
2370, 30
2371, 30
2372, 34
2373, 34
2374, 30
2375, 30
2376, 34
2377, 34
2378, 30
2379, 30
2380, 34
2381, 34
2382, 30
2383, 30
2384, 34
2385, 34
2386, 30
2387, 30
2388, 34
2389, 34
2390, 30
2391, 30
2392, 34
2393, 34
2394, 30
2395, 30
2396, 34
2397, 34
2398, 30
2399, 30
2400, 98
2401, 98
2402, 94
2403, 94
2404, 98
2405, 98
2406, 94
2407, 94
2408, 98
2409, 98
2410, 94
2411, 94
2412, 98
2413, 98
2414, 94
2415, 94
2416, 98
2417, 98
2418, 94
2419, 94
2420, 98
2421, 98
2422, 94
2423, 94
2424, 98
2425, 98
2426, 94
2427, 94
2428, 98
2429, 98
2430, 94
2431, 94
2432, 418
2433, 418
2434, 414
2435, 414
2436, 418
2437, 418
2438, 414
2439, 414
2440, 418
2441, 418
2442, 414
2443, 414
2444, 418
2445, 418
2446, 414
2447, 414
2448, 418
2449, 418
2450, 414
2451, 414
2452, 418
2453, 418
2454, 414
2455, 414
2456, 418
2457, 418
2458, 414
2459, 414
2460, 418
2461, 418
2462, 414
2463, 414
2464, 482
2465, 482
2466, 478
2467, 478
2468, 482
2469, 482
2470, 478
2471, 478
2472, 482
2473, 482
2474, 478
2475, 478
2476, 482
2477, 482
2478, 478
2479, 478
2480, 482
2481, 482
2482, 478
2483, 478
2484, 482
2485, 482
2486, 478
2487, 478
2488, 482
2489, 482
2490, 478
2491, 478
2492, 482
2493, 482
2494, 478
2495, 478
2496, 290
2497, 290
2498, 286
2499, 286
2500, 290
2501, 290
2502, 286
2503, 286
2504, 290
2505, 290
2506, 286
2507, 286
2508, 290
2509, 290
2510, 286
2511, 286
2512, 290
2513, 290
2514, 286
2515, 286
2516, 290
2517, 290
2518, 286
2519, 286
2520, 290
2521, 290
2522, 286
2523, 286
2524, 290
2525, 290
2526, 286
2527, 286
2528, 354
2529, 354
2530, 350
2531, 350
2532, 354
2533, 354
2534, 350
2535, 350
2536, 354
2537, 354
2538, 350
2539, 350
2540, 354
2541, 354
2542, 350
2543, 350
2544, 354
2545, 354
2546, 350
2547, 350
2548, 354
2549, 354
2550, 350
2551, 350
2552, 354
2553, 354
2554, 350
2555, 350
2556, 354
2557, 354
2558, 350
2559, 350
2560, 350
2561, 350
2562, 354
2563, 354
2564, 350
2565, 350
2566, 354
2567, 354
2568, 350
2569, 350
2570, 354
2571, 354
2572, 350
2573, 350
2574, 354
2575, 354
2576, 350
2577, 350
2578, 354
2579, 354
2580, 350
2581, 350
2582, 354
2583, 354
2584, 350
2585, 350
2586, 354
2587, 354
2588, 350
2589, 350
2590, 354
2591, 354
2592, 286
2593, 286
2594, 290
2595, 290
2596, 286
2597, 286
2598, 290
2599, 290
2600, 286
2601, 286
2602, 290
2603, 290
2604, 286
2605, 286
2606, 290
2607, 290
2608, 286
2609, 286
2610, 290
2611, 290
2612, 286
2613, 286
2614, 290
2615, 290
2616, 286
2617, 286
2618, 290
2619, 290
2620, 286
2621, 286
2622, 290
2623, 290
2624, 478
2625, 478
2626, 482
2627, 482
2628, 478
2629, 478
2630, 482
2631, 482
2632, 478
2633, 478
2634, 482
2635, 482
2636, 478
2637, 478
2638, 482
2639, 482
2640, 478
2641, 478
2642, 482
2643, 482
2644, 478
2645, 478
2646, 482
2647, 482
2648, 478
2649, 478
2650, 482
2651, 482
2652, 478
2653, 478
2654, 482
2655, 482
2656, 414
2657, 414
2658, 418
2659, 418
2660, 414
2661, 414
2662, 418
2663, 418
2664, 414
2665, 414
2666, 418
2667, 418
2668, 414
2669, 414
2670, 418
2671, 418
2672, 414
2673, 414
2674, 418
2675, 418
2676, 414
2677, 414
2678, 418
2679, 418
2680, 414
2681, 414
2682, 418
2683, 418
2684, 414
2685, 414
2686, 418
2687, 418
2688, 94
2689, 94
2690, 98
2691, 98
2692, 94
2693, 94
2694, 98
2695, 98
2696, 94
2697, 94
2698, 98
2699, 98
2700, 94
2701, 94
2702, 98
2703, 98
2704, 94
2705, 94
2706, 98
2707, 98
2708, 94
2709, 94
2710, 98
2711, 98
2712, 94
2713, 94
2714, 98
2715, 98
2716, 94
2717, 94
2718, 98
2719, 98
2720, 30
2721, 30
2722, 34
2723, 34
2724, 30
2725, 30
2726, 34
2727, 34
2728, 30
2729, 30
2730, 34
2731, 34
2732, 30
2733, 30
2734, 34
2735, 34
2736, 30
2737, 30
2738, 34
2739, 34
2740, 30
2741, 30
2742, 34
2743, 34
2744, 30
2745, 30
2746, 34
2747, 34
2748, 30
2749, 30
2750, 34
2751, 34
2752, 222
2753, 222
2754, 226
2755, 226
2756, 222
2757, 222
2758, 226
2759, 226
2760, 222
2761, 222
2762, 226
2763, 226
2764, 222
2765, 222
2766, 226
2767, 226
2768, 222
2769, 222
2770, 226
2771, 226
2772, 222
2773, 222
2774, 226
2775, 226
2776, 222
2777, 222
2778, 226
2779, 226
2780, 222
2781, 222
2782, 226
2783, 226
2784, 158
2785, 158
2786, 162
2787, 162
2788, 158
2789, 158
2790, 162
2791, 162
2792, 158
2793, 158
2794, 162
2795, 162
2796, 158
2797, 158
2798, 162
2799, 162
2800, 158
2801, 158
2802, 162
2803, 162
2804, 158
2805, 158
2806, 162
2807, 162
2808, 158
2809, 158
2810, 162
2811, 162
2812, 158
2813, 158
2814, 162
2815, 162
2816, 862
2817, 862
2818, 866
2819, 866
2820, 862
2821, 862
2822, 866
2823, 866
2824, 862
2825, 862
2826, 866
2827, 866
2828, 862
2829, 862
2830, 866
2831, 866
2832, 862
2833, 862
2834, 866
2835, 866
2836, 862
2837, 862
2838, 866
2839, 866
2840, 862
2841, 862
2842, 866
2843, 866
2844, 862
2845, 862
2846, 866
2847, 866
2848, 798
2849, 798
2850, 802
2851, 802
2852, 798
2853, 798
2854, 802
2855, 802
2856, 798
2857, 798
2858, 802
2859, 802
2860, 798
2861, 798
2862, 802
2863, 802
2864, 798
2865, 798
2866, 802
2867, 802
2868, 798
2869, 798
2870, 802
2871, 802
2872, 798
2873, 798
2874, 802
2875, 802
2876, 798
2877, 798
2878, 802
2879, 802
2880, 990
2881, 990
2882, 994
2883, 994
2884, 990
2885, 990
2886, 994
2887, 994
2888, 990
2889, 990
2890, 994
2891, 994
2892, 990
2893, 990
2894, 994
2895, 994
2896, 990
2897, 990
2898, 994
2899, 994
2900, 990
2901, 990
2902, 994
2903, 994
2904, 990
2905, 990
2906, 994
2907, 994
2908, 990
2909, 990
2910, 994
2911, 994
2912, 926
2913, 926
2914, 930
2915, 930
2916, 926
2917, 926
2918, 930
2919, 930
2920, 926
2921, 926
2922, 930
2923, 930
2924, 926
2925, 926
2926, 930
2927, 930
2928, 926
2929, 926
2930, 930
2931, 930
2932, 926
2933, 926
2934, 930
2935, 930
2936, 926
2937, 926
2938, 930
2939, 930
2940, 926
2941, 926
2942, 930
2943, 930
2944, 606
2945, 606
2946, 610
2947, 610
2948, 606
2949, 606
2950, 610
2951, 610
2952, 606
2953, 606
2954, 610
2955, 610
2956, 606
2957, 606
2958, 610
2959, 610
2960, 606
2961, 606
2962, 610
2963, 610
2964, 606
2965, 606
2966, 610
2967, 610
2968, 606
2969, 606
2970, 610
2971, 610
2972, 606
2973, 606
2974, 610
2975, 610
2976, 542
2977, 542
2978, 546
2979, 546
2980, 542
2981, 542
2982, 546
2983, 546
2984, 542
2985, 542
2986, 546
2987, 546
2988, 542
2989, 542
2990, 546
2991, 546
2992, 542
2993, 542
2994, 546
2995, 546
2996, 542
2997, 542
2998, 546
2999, 546
3000, 542
3001, 542
3002, 546
3003, 546
3004, 542
3005, 542
3006, 546
3007, 546
3008, 734
3009, 734
3010, 738
3011, 738
3012, 734
3013, 734
3014, 738
3015, 738
3016, 734
3017, 734
3018, 738
3019, 738
3020, 734
3021, 734
3022, 738
3023, 738
3024, 734
3025, 734
3026, 738
3027, 738
3028, 734
3029, 734
3030, 738
3031, 738
3032, 734
3033, 734
3034, 738
3035, 738
3036, 734
3037, 734
3038, 738
3039, 738
3040, 670
3041, 670
3042, 674
3043, 674
3044, 670
3045, 670
3046, 674
3047, 674
3048, 670
3049, 670
3050, 674
3051, 674
3052, 670
3053, 670
3054, 674
3055, 674
3056, 670
3057, 670
3058, 674
3059, 674
3060, 670
3061, 670
3062, 674
3063, 674
3064, 670
3065, 670
3066, 674
3067, 674
3068, 670
3069, 670
3070, 674
3071, 674
3072, 674
3073, 674
3074, 670
3075, 670
3076, 674
3077, 674
3078, 670
3079, 670
3080, 674
3081, 674
3082, 670
3083, 670
3084, 674
3085, 674
3086, 670
3087, 670
3088, 674
3089, 674
3090, 670
3091, 670
3092, 674
3093, 674
3094, 670
3095, 670
3096, 674
3097, 674
3098, 670
3099, 670
3100, 674
3101, 674
3102, 670
3103, 670
3104, 738
3105, 738
3106, 734
3107, 734
3108, 738
3109, 738
3110, 734
3111, 734
3112, 738
3113, 738
3114, 734
3115, 734
3116, 738
3117, 738
3118, 734
3119, 734
3120, 738
3121, 738
3122, 734
3123, 734
3124, 738
3125, 738
3126, 734
3127, 734
3128, 738
3129, 738
3130, 734
3131, 734
3132, 738
3133, 738
3134, 734
3135, 734
3136, 546
3137, 546
3138, 542
3139, 542
3140, 546
3141, 546
3142, 542
3143, 542
3144, 546
3145, 546
3146, 542
3147, 542
3148, 546
3149, 546
3150, 542
3151, 542
3152, 546
3153, 546
3154, 542
3155, 542
3156, 546
3157, 546
3158, 542
3159, 542
3160, 546
3161, 546
3162, 542
3163, 542
3164, 546
3165, 546
3166, 542
3167, 542
3168, 610
3169, 610
3170, 606
3171, 606
3172, 610
3173, 610
3174, 606
3175, 606
3176, 610
3177, 610
3178, 606
3179, 606
3180, 610
3181, 610
3182, 606
3183, 606
3184, 610
3185, 610
3186, 606
3187, 606
3188, 610
3189, 610
3190, 606
3191, 606
3192, 610
3193, 610
3194, 606
3195, 606
3196, 610
3197, 610
3198, 606
3199, 606
3200, 930
3201, 930
3202, 926
3203, 926
3204, 930
3205, 930
3206, 926
3207, 926
3208, 930
3209, 930
3210, 926
3211, 926
3212, 930
3213, 930
3214, 926
3215, 926
3216, 930
3217, 930
3218, 926
3219, 926
3220, 930
3221, 930
3222, 926
3223, 926
3224, 930
3225, 930
3226, 926
3227, 926
3228, 930
3229, 930
3230, 926
3231, 926
3232, 994
3233, 994
3234, 990
3235, 990
3236, 994
3237, 994
3238, 990
3239, 990
3240, 994
3241, 994
3242, 990
3243, 990
3244, 994
3245, 994
3246, 990
3247, 990
3248, 994
3249, 994
3250, 990
3251, 990
3252, 994
3253, 994
3254, 990
3255, 990
3256, 994
3257, 994
3258, 990
3259, 990
3260, 994
3261, 994
3262, 990
3263, 990
3264, 802
3265, 802
3266, 798
3267, 798
3268, 802
3269, 802
3270, 798
3271, 798
3272, 802
3273, 802
3274, 798
3275, 798
3276, 802
3277, 802
3278, 798
3279, 798
3280, 802
3281, 802
3282, 798
3283, 798
3284, 802
3285, 802
3286, 798
3287, 798
3288, 802
3289, 802
3290, 798
3291, 798
3292, 802
3293, 802
3294, 798
3295, 798
3296, 866
3297, 866
3298, 862
3299, 862
3300, 866
3301, 866
3302, 862
3303, 862
3304, 866
3305, 866
3306, 862
3307, 862
3308, 866
3309, 866
3310, 862
3311, 862
3312, 866
3313, 866
3314, 862
3315, 862
3316, 866
3317, 866
3318, 862
3319, 862
3320, 866
3321, 866
3322, 862
3323, 862
3324, 866
3325, 866
3326, 862
3327, 862
3328, 162
3329, 162
3330, 158
3331, 158
3332, 162
3333, 162
3334, 158
3335, 158
3336, 162
3337, 162
3338, 158
3339, 158
3340, 162
3341, 162
3342, 158
3343, 158
3344, 162
3345, 162
3346, 158
3347, 158
3348, 162
3349, 162
3350, 158
3351, 158
3352, 162
3353, 162
3354, 158
3355, 158
3356, 162
3357, 162
3358, 158
3359, 158
3360, 226
3361, 226
3362, 222
3363, 222
3364, 226
3365, 226
3366, 222
3367, 222
3368, 226
3369, 226
3370, 222
3371, 222
3372, 226
3373, 226
3374, 222
3375, 222
3376, 226
3377, 226
3378, 222
3379, 222
3380, 226
3381, 226
3382, 222
3383, 222
3384, 226
3385, 226
3386, 222
3387, 222
3388, 226
3389, 226
3390, 222
3391, 222
3392, 34
3393, 34
3394, 30
3395, 30
3396, 34
3397, 34
3398, 30
3399, 30
3400, 34
3401, 34
3402, 30
3403, 30
3404, 34
3405, 34
3406, 30
3407, 30
3408, 34
3409, 34
3410, 30
3411, 30
3412, 34
3413, 34
3414, 30
3415, 30
3416, 34
3417, 34
3418, 30
3419, 30
3420, 34
3421, 34
3422, 30
3423, 30
3424, 98
3425, 98
3426, 94
3427, 94
3428, 98
3429, 98
3430, 94
3431, 94
3432, 98
3433, 98
3434, 94
3435, 94
3436, 98
3437, 98
3438, 94
3439, 94
3440, 98
3441, 98
3442, 94
3443, 94
3444, 98
3445, 98
3446, 94
3447, 94
3448, 98
3449, 98
3450, 94
3451, 94
3452, 98
3453, 98
3454, 94
3455, 94
3456, 418
3457, 418
3458, 414
3459, 414
3460, 418
3461, 418
3462, 414
3463, 414
3464, 418
3465, 418
3466, 414
3467, 414
3468, 418
3469, 418
3470, 414
3471, 414
3472, 418
3473, 418
3474, 414
3475, 414
3476, 418
3477, 418
3478, 414
3479, 414
3480, 418
3481, 418
3482, 414
3483, 414
3484, 418
3485, 418
3486, 414
3487, 414
3488, 482
3489, 482
3490, 478
3491, 478
3492, 482
3493, 482
3494, 478
3495, 478
3496, 482
3497, 482
3498, 478
3499, 478
3500, 482
3501, 482
3502, 478
3503, 478
3504, 482
3505, 482
3506, 478
3507, 478
3508, 482
3509, 482
3510, 478
3511, 478
3512, 482
3513, 482
3514, 478
3515, 478
3516, 482
3517, 482
3518, 478
3519, 478
3520, 290
3521, 290
3522, 286
3523, 286
3524, 290
3525, 290
3526, 286
3527, 286
3528, 290
3529, 290
3530, 286
3531, 286
3532, 290
3533, 290
3534, 286
3535, 286
3536, 290
3537, 290
3538, 286
3539, 286
3540, 290
3541, 290
3542, 286
3543, 286
3544, 290
3545, 290
3546, 286
3547, 286
3548, 290
3549, 290
3550, 286
3551, 286
3552, 354
3553, 354
3554, 350
3555, 350
3556, 354
3557, 354
3558, 350
3559, 350
3560, 354
3561, 354
3562, 350
3563, 350
3564, 354
3565, 354
3566, 350
3567, 350
3568, 354
3569, 354
3570, 350
3571, 350
3572, 354
3573, 354
3574, 350
3575, 350
3576, 354
3577, 354
3578, 350
3579, 350
3580, 354
3581, 354
3582, 350
3583, 350
3584, 350
3585, 350
3586, 354
3587, 354
3588, 350
3589, 350
3590, 354
3591, 354
3592, 350
3593, 350
3594, 354
3595, 354
3596, 350
3597, 350
3598, 354
3599, 354
3600, 350
3601, 350
3602, 354
3603, 354
3604, 350
3605, 350
3606, 354
3607, 354
3608, 350
3609, 350
3610, 354
3611, 354
3612, 350
3613, 350
3614, 354
3615, 354
3616, 286
3617, 286
3618, 290
3619, 290
3620, 286
3621, 286
3622, 290
3623, 290
3624, 286
3625, 286
3626, 290
3627, 290
3628, 286
3629, 286
3630, 290
3631, 290
3632, 286
3633, 286
3634, 290
3635, 290
3636, 286
3637, 286
3638, 290
3639, 290
3640, 286
3641, 286
3642, 290
3643, 290
3644, 286
3645, 286
3646, 290
3647, 290
3648, 478
3649, 478
3650, 482
3651, 482
3652, 478
3653, 478
3654, 482
3655, 482
3656, 478
3657, 478
3658, 482
3659, 482
3660, 478
3661, 478
3662, 482
3663, 482
3664, 478
3665, 478
3666, 482
3667, 482
3668, 478
3669, 478
3670, 482
3671, 482
3672, 478
3673, 478
3674, 482
3675, 482
3676, 478
3677, 478
3678, 482
3679, 482
3680, 414
3681, 414
3682, 418
3683, 418
3684, 414
3685, 414
3686, 418
3687, 418
3688, 414
3689, 414
3690, 418
3691, 418
3692, 414
3693, 414
3694, 418
3695, 418
3696, 414
3697, 414
3698, 418
3699, 418
3700, 414
3701, 414
3702, 418
3703, 418
3704, 414
3705, 414
3706, 418
3707, 418
3708, 414
3709, 414
3710, 418
3711, 418
3712, 94
3713, 94
3714, 98
3715, 98
3716, 94
3717, 94
3718, 98
3719, 98
3720, 94
3721, 94
3722, 98
3723, 98
3724, 94
3725, 94
3726, 98
3727, 98
3728, 94
3729, 94
3730, 98
3731, 98
3732, 94
3733, 94
3734, 98
3735, 98
3736, 94
3737, 94
3738, 98
3739, 98
3740, 94
3741, 94
3742, 98
3743, 98
3744, 30
3745, 30
3746, 34
3747, 34
3748, 30
3749, 30
3750, 34
3751, 34
3752, 30
3753, 30
3754, 34
3755, 34
3756, 30
3757, 30
3758, 34
3759, 34
3760, 30
3761, 30
3762, 34
3763, 34
3764, 30
3765, 30
3766, 34
3767, 34
3768, 30
3769, 30
3770, 34
3771, 34
3772, 30
3773, 30
3774, 34
3775, 34
3776, 222
3777, 222
3778, 226
3779, 226
3780, 222
3781, 222
3782, 226
3783, 226
3784, 222
3785, 222
3786, 226
3787, 226
3788, 222
3789, 222
3790, 226
3791, 226
3792, 222
3793, 222
3794, 226
3795, 226
3796, 222
3797, 222
3798, 226
3799, 226
3800, 222
3801, 222
3802, 226
3803, 226
3804, 222
3805, 222
3806, 226
3807, 226
3808, 158
3809, 158
3810, 162
3811, 162
3812, 158
3813, 158
3814, 162
3815, 162
3816, 158
3817, 158
3818, 162
3819, 162
3820, 158
3821, 158
3822, 162
3823, 162
3824, 158
3825, 158
3826, 162
3827, 162
3828, 158
3829, 158
3830, 162
3831, 162
3832, 158
3833, 158
3834, 162
3835, 162
3836, 158
3837, 158
3838, 162
3839, 162
3840, 862
3841, 862
3842, 866
3843, 866
3844, 862
3845, 862
3846, 866
3847, 866
3848, 862
3849, 862
3850, 866
3851, 866
3852, 862
3853, 862
3854, 866
3855, 866
3856, 862
3857, 862
3858, 866
3859, 866
3860, 862
3861, 862
3862, 866
3863, 866
3864, 862
3865, 862
3866, 866
3867, 866
3868, 862
3869, 862
3870, 866
3871, 866
3872, 798
3873, 798
3874, 802
3875, 802
3876, 798
3877, 798
3878, 802
3879, 802
3880, 798
3881, 798
3882, 802
3883, 802
3884, 798
3885, 798
3886, 802
3887, 802
3888, 798
3889, 798
3890, 802
3891, 802
3892, 798
3893, 798
3894, 802
3895, 802
3896, 798
3897, 798
3898, 802
3899, 802
3900, 798
3901, 798
3902, 802
3903, 802
3904, 990
3905, 990
3906, 994
3907, 994
3908, 990
3909, 990
3910, 994
3911, 994
3912, 990
3913, 990
3914, 994
3915, 994
3916, 990
3917, 990
3918, 994
3919, 994
3920, 990
3921, 990
3922, 994
3923, 994
3924, 990
3925, 990
3926, 994
3927, 994
3928, 990
3929, 990
3930, 994
3931, 994
3932, 990
3933, 990
3934, 994
3935, 994
3936, 926
3937, 926
3938, 930
3939, 930
3940, 926
3941, 926
3942, 930
3943, 930
3944, 926
3945, 926
3946, 930
3947, 930
3948, 926
3949, 926
3950, 930
3951, 930
3952, 926
3953, 926
3954, 930
3955, 930
3956, 926
3957, 926
3958, 930
3959, 930
3960, 926
3961, 926
3962, 930
3963, 930
3964, 926
3965, 926
3966, 930
3967, 930
3968, 606
3969, 606
3970, 610
3971, 610
3972, 606
3973, 606
3974, 610
3975, 610
3976, 606
3977, 606
3978, 610
3979, 610
3980, 606
3981, 606
3982, 610
3983, 610
3984, 606
3985, 606
3986, 610
3987, 610
3988, 606
3989, 606
3990, 610
3991, 610
3992, 606
3993, 606
3994, 610
3995, 610
3996, 606
3997, 606
3998, 610
3999, 610
4000, 542
4001, 542
4002, 546
4003, 546
4004, 542
4005, 542
4006, 546
4007, 546
4008, 542
4009, 542
4010, 546
4011, 546
4012, 542
4013, 542
4014, 546
4015, 546
4016, 542
4017, 542
4018, 546
4019, 546
4020, 542
4021, 542
4022, 546
4023, 546
4024, 542
4025, 542
4026, 546
4027, 546
4028, 542
4029, 542
4030, 546
4031, 546
4032, 734
4033, 734
4034, 738
4035, 738
4036, 734
4037, 734
4038, 738
4039, 738
4040, 734
4041, 734
4042, 738
4043, 738
4044, 734
4045, 734
4046, 738
4047, 738
4048, 734
4049, 734
4050, 738
4051, 738
4052, 734
4053, 734
4054, 738
4055, 738
4056, 734
4057, 734
4058, 738
4059, 738
4060, 734
4061, 734
4062, 738
4063, 738
4064, 670
4065, 670
4066, 674
4067, 674
4068, 670
4069, 670
4070, 674
4071, 674
4072, 670
4073, 670
4074, 674
4075, 674
4076, 670
4077, 670
4078, 674
4079, 674
4080, 670
4081, 670
4082, 674
4083, 674
4084, 670
4085, 670
4086, 674
4087, 674
4088, 670
4089, 670
4090, 674
4091, 674
4092, 670
4093, 670
4094, 674
4095, 674
4096, 674
4097, 674
4098, 670
4099, 670
4100, 674
4101, 674
4102, 670
4103, 670
4104, 674
4105, 674
4106, 670
4107, 670
4108, 674
4109, 674
4110, 670
4111, 670
4112, 674
4113, 674
4114, 670
4115, 670
4116, 674
4117, 674
4118, 670
4119, 670
4120, 674
4121, 674
4122, 670
4123, 670
4124, 674
4125, 674
4126, 670
4127, 670
4128, 738
4129, 738
4130, 734
4131, 734
4132, 738
4133, 738
4134, 734
4135, 734
4136, 738
4137, 738
4138, 734
4139, 734
4140, 738
4141, 738
4142, 734
4143, 734
4144, 738
4145, 738
4146, 734
4147, 734
4148, 738
4149, 738
4150, 734
4151, 734
4152, 738
4153, 738
4154, 734
4155, 734
4156, 738
4157, 738
4158, 734
4159, 734
4160, 546
4161, 546
4162, 542
4163, 542
4164, 546
4165, 546
4166, 542
4167, 542
4168, 546
4169, 546
4170, 542
4171, 542
4172, 546
4173, 546
4174, 542
4175, 542
4176, 546
4177, 546
4178, 542
4179, 542
4180, 546
4181, 546
4182, 542
4183, 542
4184, 546
4185, 546
4186, 542
4187, 542
4188, 546
4189, 546
4190, 542
4191, 542
4192, 610
4193, 610
4194, 606
4195, 606
4196, 610
4197, 610
4198, 606
4199, 606
4200, 610
4201, 610
4202, 606
4203, 606
4204, 610
4205, 610
4206, 606
4207, 606
4208, 610
4209, 610
4210, 606
4211, 606
4212, 610
4213, 610
4214, 606
4215, 606
4216, 610
4217, 610
4218, 606
4219, 606
4220, 610
4221, 610
4222, 606
4223, 606
4224, 930
4225, 930
4226, 926
4227, 926
4228, 930
4229, 930
4230, 926
4231, 926
4232, 930
4233, 930
4234, 926
4235, 926
4236, 930
4237, 930
4238, 926
4239, 926
4240, 930
4241, 930
4242, 926
4243, 926
4244, 930
4245, 930
4246, 926
4247, 926
4248, 930
4249, 930
4250, 926
4251, 926
4252, 930
4253, 930
4254, 926
4255, 926
4256, 994
4257, 994
4258, 990
4259, 990
4260, 994
4261, 994
4262, 990
4263, 990
4264, 994
4265, 994
4266, 990
4267, 990
4268, 994
4269, 994
4270, 990
4271, 990
4272, 994
4273, 994
4274, 990
4275, 990
4276, 994
4277, 994
4278, 990
4279, 990
4280, 994
4281, 994
4282, 990
4283, 990
4284, 994
4285, 994
4286, 990
4287, 990
4288, 802
4289, 802
4290, 798
4291, 798
4292, 802
4293, 802
4294, 798
4295, 798
4296, 802
4297, 802
4298, 798
4299, 798
4300, 802
4301, 802
4302, 798
4303, 798
4304, 802
4305, 802
4306, 798
4307, 798
4308, 802
4309, 802
4310, 798
4311, 798
4312, 802
4313, 802
4314, 798
4315, 798
4316, 802
4317, 802
4318, 798
4319, 798
4320, 866
4321, 866
4322, 862
4323, 862
4324, 866
4325, 866
4326, 862
4327, 862
4328, 866
4329, 866
4330, 862
4331, 862
4332, 866
4333, 866
4334, 862
4335, 862
4336, 866
4337, 866
4338, 862
4339, 862
4340, 866
4341, 866
4342, 862
4343, 862
4344, 866
4345, 866
4346, 862
4347, 862
4348, 866
4349, 866
4350, 862
4351, 862
4352, 162
4353, 162
4354, 158
4355, 158
4356, 162
4357, 162
4358, 158
4359, 158
4360, 162
4361, 162
4362, 158
4363, 158
4364, 162
4365, 162
4366, 158
4367, 158
4368, 162
4369, 162
4370, 158
4371, 158
4372, 162
4373, 162
4374, 158
4375, 158
4376, 162
4377, 162
4378, 158
4379, 158
4380, 162
4381, 162
4382, 158
4383, 158
4384, 226
4385, 226
4386, 222
4387, 222
4388, 226
4389, 226
4390, 222
4391, 222
4392, 226
4393, 226
4394, 222
4395, 222
4396, 226
4397, 226
4398, 222
4399, 222
4400, 226
4401, 226
4402, 222
4403, 222
4404, 226
4405, 226
4406, 222
4407, 222
4408, 226
4409, 226
4410, 222
4411, 222
4412, 226
4413, 226
4414, 222
4415, 222
4416, 34
4417, 34
4418, 30
4419, 30
4420, 34
4421, 34
4422, 30
4423, 30
4424, 34
4425, 34
4426, 30
4427, 30
4428, 34
4429, 34
4430, 30
4431, 30
4432, 34
4433, 34
4434, 30
4435, 30
4436, 34
4437, 34
4438, 30
4439, 30
4440, 34
4441, 34
4442, 30
4443, 30
4444, 34
4445, 34
4446, 30
4447, 30
4448, 98
4449, 98
4450, 94
4451, 94
4452, 98
4453, 98
4454, 94
4455, 94
4456, 98
4457, 98
4458, 94
4459, 94
4460, 98
4461, 98
4462, 94
4463, 94
4464, 98
4465, 98
4466, 94
4467, 94
4468, 98
4469, 98
4470, 94
4471, 94
4472, 98
4473, 98
4474, 94
4475, 94
4476, 98
4477, 98
4478, 94
4479, 94
4480, 418
4481, 418
4482, 414
4483, 414
4484, 418
4485, 418
4486, 414
4487, 414
4488, 418
4489, 418
4490, 414
4491, 414
4492, 418
4493, 418
4494, 414
4495, 414
4496, 418
4497, 418
4498, 414
4499, 414
4500, 418
4501, 418
4502, 414
4503, 414
4504, 418
4505, 418
4506, 414
4507, 414
4508, 418
4509, 418
4510, 414
4511, 414
4512, 482
4513, 482
4514, 478
4515, 478
4516, 482
4517, 482
4518, 478
4519, 478
4520, 482
4521, 482
4522, 478
4523, 478
4524, 482
4525, 482
4526, 478
4527, 478
4528, 482
4529, 482
4530, 478
4531, 478
4532, 482
4533, 482
4534, 478
4535, 478
4536, 482
4537, 482
4538, 478
4539, 478
4540, 482
4541, 482
4542, 478
4543, 478
4544, 290
4545, 290
4546, 286
4547, 286
4548, 290
4549, 290
4550, 286
4551, 286
4552, 290
4553, 290
4554, 286
4555, 286
4556, 290
4557, 290
4558, 286
4559, 286
4560, 290
4561, 290
4562, 286
4563, 286
4564, 290
4565, 290
4566, 286
4567, 286
4568, 290
4569, 290
4570, 286
4571, 286
4572, 290
4573, 290
4574, 286
4575, 286
4576, 354
4577, 354
4578, 350
4579, 350
4580, 354
4581, 354
4582, 350
4583, 350
4584, 354
4585, 354
4586, 350
4587, 350
4588, 354
4589, 354
4590, 350
4591, 350
4592, 354
4593, 354
4594, 350
4595, 350
4596, 354
4597, 354
4598, 350
4599, 350
4600, 354
4601, 354
4602, 350
4603, 350
4604, 354
4605, 354
4606, 350
4607, 350
4608, 350
4609, 350
4610, 354
4611, 354
4612, 350
4613, 350
4614, 354
4615, 354
4616, 350
4617, 350
4618, 354
4619, 354
4620, 350
4621, 350
4622, 354
4623, 354
4624, 350
4625, 350
4626, 354
4627, 354
4628, 350
4629, 350
4630, 354
4631, 354
4632, 350
4633, 350
4634, 354
4635, 354
4636, 350
4637, 350
4638, 354
4639, 354
4640, 286
4641, 286
4642, 290
4643, 290
4644, 286
4645, 286
4646, 290
4647, 290
4648, 286
4649, 286
4650, 290
4651, 290
4652, 286
4653, 286
4654, 290
4655, 290
4656, 286
4657, 286
4658, 290
4659, 290
4660, 286
4661, 286
4662, 290
4663, 290
4664, 286
4665, 286
4666, 290
4667, 290
4668, 286
4669, 286
4670, 290
4671, 290
4672, 478
4673, 478
4674, 482
4675, 482
4676, 478
4677, 478
4678, 482
4679, 482
4680, 478
4681, 478
4682, 482
4683, 482
4684, 478
4685, 478
4686, 482
4687, 482
4688, 478
4689, 478
4690, 482
4691, 482
4692, 478
4693, 478
4694, 482
4695, 482
4696, 478
4697, 478
4698, 482
4699, 482
4700, 478
4701, 478
4702, 482
4703, 482
4704, 414
4705, 414
4706, 418
4707, 418
4708, 414
4709, 414
4710, 418
4711, 418
4712, 414
4713, 414
4714, 418
4715, 418
4716, 414
4717, 414
4718, 418
4719, 418
4720, 414
4721, 414
4722, 418
4723, 418
4724, 414
4725, 414
4726, 418
4727, 418
4728, 414
4729, 414
4730, 418
4731, 418
4732, 414
4733, 414
4734, 418
4735, 418
4736, 94
4737, 94
4738, 98
4739, 98
4740, 94
4741, 94
4742, 98
4743, 98
4744, 94
4745, 94
4746, 98
4747, 98
4748, 94
4749, 94
4750, 98
4751, 98
4752, 94
4753, 94
4754, 98
4755, 98
4756, 94
4757, 94
4758, 98
4759, 98
4760, 94
4761, 94
4762, 98
4763, 98
4764, 94
4765, 94
4766, 98
4767, 98
4768, 30
4769, 30
4770, 34
4771, 34
4772, 30
4773, 30
4774, 34
4775, 34
4776, 30
4777, 30
4778, 34
4779, 34
4780, 30
4781, 30
4782, 34
4783, 34
4784, 30
4785, 30
4786, 34
4787, 34
4788, 30
4789, 30
4790, 34
4791, 34
4792, 30
4793, 30
4794, 34
4795, 34
4796, 30
4797, 30
4798, 34
4799, 34
4800, 222
4801, 222
4802, 226
4803, 226
4804, 222
4805, 222
4806, 226
4807, 226
4808, 222
4809, 222
4810, 226
4811, 226
4812, 222
4813, 222
4814, 226
4815, 226
4816, 222
4817, 222
4818, 226
4819, 226
4820, 222
4821, 222
4822, 226
4823, 226
4824, 222
4825, 222
4826, 226
4827, 226
4828, 222
4829, 222
4830, 226
4831, 226
4832, 158
4833, 158
4834, 162
4835, 162
4836, 158
4837, 158
4838, 162
4839, 162
4840, 158
4841, 158
4842, 162
4843, 162
4844, 158
4845, 158
4846, 162
4847, 162
4848, 158
4849, 158
4850, 162
4851, 162
4852, 158
4853, 158
4854, 162
4855, 162
4856, 158
4857, 158
4858, 162
4859, 162
4860, 158
4861, 158
4862, 162
4863, 162
4864, 862
4865, 862
4866, 866
4867, 866
4868, 862
4869, 862
4870, 866
4871, 866
4872, 862
4873, 862
4874, 866
4875, 866
4876, 862
4877, 862
4878, 866
4879, 866
4880, 862
4881, 862
4882, 866
4883, 866
4884, 862
4885, 862
4886, 866
4887, 866
4888, 862
4889, 862
4890, 866
4891, 866
4892, 862
4893, 862
4894, 866
4895, 866
4896, 798
4897, 798
4898, 802
4899, 802
4900, 798
4901, 798
4902, 802
4903, 802
4904, 798
4905, 798
4906, 802
4907, 802
4908, 798
4909, 798
4910, 802
4911, 802
4912, 798
4913, 798
4914, 802
4915, 802
4916, 798
4917, 798
4918, 802
4919, 802
4920, 798
4921, 798
4922, 802
4923, 802
4924, 798
4925, 798
4926, 802
4927, 802
4928, 990
4929, 990
4930, 994
4931, 994
4932, 990
4933, 990
4934, 994
4935, 994
4936, 990
4937, 990
4938, 994
4939, 994
4940, 990
4941, 990
4942, 994
4943, 994
4944, 990
4945, 990
4946, 994
4947, 994
4948, 990
4949, 990
4950, 994
4951, 994
4952, 990
4953, 990
4954, 994
4955, 994
4956, 990
4957, 990
4958, 994
4959, 994
4960, 926
4961, 926
4962, 930
4963, 930
4964, 926
4965, 926
4966, 930
4967, 930
4968, 926
4969, 926
4970, 930
4971, 930
4972, 926
4973, 926
4974, 930
4975, 930
4976, 926
4977, 926
4978, 930
4979, 930
4980, 926
4981, 926
4982, 930
4983, 930
4984, 926
4985, 926
4986, 930
4987, 930
4988, 926
4989, 926
4990, 930
4991, 930
4992, 606
4993, 606
4994, 610
4995, 610
4996, 606
4997, 606
4998, 610
4999, 610
5000, 606
5001, 606
5002, 610
5003, 610
5004, 606
5005, 606
5006, 610
5007, 610
5008, 606
5009, 606
5010, 610
5011, 610
5012, 606
5013, 606
5014, 610
5015, 610
5016, 606
5017, 606
5018, 610
5019, 610
5020, 606
5021, 606
5022, 610
5023, 610
5024, 542
5025, 542
5026, 546
5027, 546
5028, 542
5029, 542
5030, 546
5031, 546
5032, 542
5033, 542
5034, 546
5035, 546
5036, 542
5037, 542
5038, 546
5039, 546
5040, 542
5041, 542
5042, 546
5043, 546
5044, 542
5045, 542
5046, 546
5047, 546
5048, 542
5049, 542
5050, 546
5051, 546
5052, 542
5053, 542
5054, 546
5055, 546
5056, 734
5057, 734
5058, 738
5059, 738
5060, 734
5061, 734
5062, 738
5063, 738
5064, 734
5065, 734
5066, 738
5067, 738
5068, 734
5069, 734
5070, 738
5071, 738
5072, 734
5073, 734
5074, 738
5075, 738
5076, 734
5077, 734
5078, 738
5079, 738
5080, 734
5081, 734
5082, 738
5083, 738
5084, 734
5085, 734
5086, 738
5087, 738
5088, 670
5089, 670
5090, 674
5091, 674
5092, 670
5093, 670
5094, 674
5095, 674
5096, 670
5097, 670
5098, 674
5099, 674
5100, 670
5101, 670
5102, 674
5103, 674
5104, 670
5105, 670
5106, 674
5107, 674
5108, 670
5109, 670
5110, 674
5111, 674
5112, 670
5113, 670
5114, 674
5115, 674
5116, 670
5117, 670
5118, 674
5119, 674
5120, 674
5121, 674
5122, 670
5123, 670
5124, 674
5125, 674
5126, 670
5127, 670
5128, 674
5129, 674
5130, 670
5131, 670
5132, 674
5133, 674
5134, 670
5135, 670
5136, 674
5137, 674
5138, 670
5139, 670
5140, 674
5141, 674
5142, 670
5143, 670
5144, 674
5145, 674
5146, 670
5147, 670
5148, 674
5149, 674
5150, 670
5151, 670
5152, 738
5153, 738
5154, 734
5155, 734
5156, 738
5157, 738
5158, 734
5159, 734
5160, 738
5161, 738
5162, 734
5163, 734
5164, 738
5165, 738
5166, 734
5167, 734
5168, 738
5169, 738
5170, 734
5171, 734
5172, 738
5173, 738
5174, 734
5175, 734
5176, 738
5177, 738
5178, 734
5179, 734
5180, 738
5181, 738
5182, 734
5183, 734
5184, 546
5185, 546
5186, 542
5187, 542
5188, 546
5189, 546
5190, 542
5191, 542
5192, 546
5193, 546
5194, 542
5195, 542
5196, 546
5197, 546
5198, 542
5199, 542
5200, 546
5201, 546
5202, 542
5203, 542
5204, 546
5205, 546
5206, 542
5207, 542
5208, 546
5209, 546
5210, 542
5211, 542
5212, 546
5213, 546
5214, 542
5215, 542
5216, 610
5217, 610
5218, 606
5219, 606
5220, 610
5221, 610
5222, 606
5223, 606
5224, 610
5225, 610
5226, 606
5227, 606
5228, 610
5229, 610
5230, 606
5231, 606
5232, 610
5233, 610
5234, 606
5235, 606
5236, 610
5237, 610
5238, 606
5239, 606
5240, 610
5241, 610
5242, 606
5243, 606
5244, 610
5245, 610
5246, 606
5247, 606
5248, 930
5249, 930
5250, 926
5251, 926
5252, 930
5253, 930
5254, 926
5255, 926
5256, 930
5257, 930
5258, 926
5259, 926
5260, 930
5261, 930
5262, 926
5263, 926
5264, 930
5265, 930
5266, 926
5267, 926
5268, 930
5269, 930
5270, 926
5271, 926
5272, 930
5273, 930
5274, 926
5275, 926
5276, 930
5277, 930
5278, 926
5279, 926
5280, 994
5281, 994
5282, 990
5283, 990
5284, 994
5285, 994
5286, 990
5287, 990
5288, 994
5289, 994
5290, 990
5291, 990
5292, 994
5293, 994
5294, 990
5295, 990
5296, 994
5297, 994
5298, 990
5299, 990
5300, 994
5301, 994
5302, 990
5303, 990
5304, 994
5305, 994
5306, 990
5307, 990
5308, 994
5309, 994
5310, 990
5311, 990
5312, 802
5313, 802
5314, 798
5315, 798
5316, 802
5317, 802
5318, 798
5319, 798
5320, 802
5321, 802
5322, 798
5323, 798
5324, 802
5325, 802
5326, 798
5327, 798
5328, 802
5329, 802
5330, 798
5331, 798
5332, 802
5333, 802
5334, 798
5335, 798
5336, 802
5337, 802
5338, 798
5339, 798
5340, 802
5341, 802
5342, 798
5343, 798
5344, 866
5345, 866
5346, 862
5347, 862
5348, 866
5349, 866
5350, 862
5351, 862
5352, 866
5353, 866
5354, 862
5355, 862
5356, 866
5357, 866
5358, 862
5359, 862
5360, 866
5361, 866
5362, 862
5363, 862
5364, 866
5365, 866
5366, 862
5367, 862
5368, 866
5369, 866
5370, 862
5371, 862
5372, 866
5373, 866
5374, 862
5375, 862
5376, 162
5377, 162
5378, 158
5379, 158
5380, 162
5381, 162
5382, 158
5383, 158
5384, 162
5385, 162
5386, 158
5387, 158
5388, 162
5389, 162
5390, 158
5391, 158
5392, 162
5393, 162
5394, 158
5395, 158
5396, 162
5397, 162
5398, 158
5399, 158
5400, 162
5401, 162
5402, 158
5403, 158
5404, 162
5405, 162
5406, 158
5407, 158
5408, 226
5409, 226
5410, 222
5411, 222
5412, 226
5413, 226
5414, 222
5415, 222
5416, 226
5417, 226
5418, 222
5419, 222
5420, 226
5421, 226
5422, 222
5423, 222
5424, 226
5425, 226
5426, 222
5427, 222
5428, 226
5429, 226
5430, 222
5431, 222
5432, 226
5433, 226
5434, 222
5435, 222
5436, 226
5437, 226
5438, 222
5439, 222
5440, 34
5441, 34
5442, 30
5443, 30
5444, 34
5445, 34
5446, 30
5447, 30
5448, 34
5449, 34
5450, 30
5451, 30
5452, 34
5453, 34
5454, 30
5455, 30
5456, 34
5457, 34
5458, 30
5459, 30
5460, 34
5461, 34
5462, 30
5463, 30
5464, 34
5465, 34
5466, 30
5467, 30
5468, 34
5469, 34
5470, 30
5471, 30
5472, 98
5473, 98
5474, 94
5475, 94
5476, 98
5477, 98
5478, 94
5479, 94
5480, 98
5481, 98
5482, 94
5483, 94
5484, 98
5485, 98
5486, 94
5487, 94
5488, 98
5489, 98
5490, 94
5491, 94
5492, 98
5493, 98
5494, 94
5495, 94
5496, 98
5497, 98
5498, 94
5499, 94
5500, 98
5501, 98
5502, 94
5503, 94
5504, 418
5505, 418
5506, 414
5507, 414
5508, 418
5509, 418
5510, 414
5511, 414
5512, 418
5513, 418
5514, 414
5515, 414
5516, 418
5517, 418
5518, 414
5519, 414
5520, 418
5521, 418
5522, 414
5523, 414
5524, 418
5525, 418
5526, 414
5527, 414
5528, 418
5529, 418
5530, 414
5531, 414
5532, 418
5533, 418
5534, 414
5535, 414
5536, 482
5537, 482
5538, 478
5539, 478
5540, 482
5541, 482
5542, 478
5543, 478
5544, 482
5545, 482
5546, 478
5547, 478
5548, 482
5549, 482
5550, 478
5551, 478
5552, 482
5553, 482
5554, 478
5555, 478
5556, 482
5557, 482
5558, 478
5559, 478
5560, 482
5561, 482
5562, 478
5563, 478
5564, 482
5565, 482
5566, 478
5567, 478
5568, 290
5569, 290
5570, 286
5571, 286
5572, 290
5573, 290
5574, 286
5575, 286
5576, 290
5577, 290
5578, 286
5579, 286
5580, 290
5581, 290
5582, 286
5583, 286
5584, 290
5585, 290
5586, 286
5587, 286
5588, 290
5589, 290
5590, 286
5591, 286
5592, 290
5593, 290
5594, 286
5595, 286
5596, 290
5597, 290
5598, 286
5599, 286
5600, 354
5601, 354
5602, 350
5603, 350
5604, 354
5605, 354
5606, 350
5607, 350
5608, 354
5609, 354
5610, 350
5611, 350
5612, 354
5613, 354
5614, 350
5615, 350
5616, 354
5617, 354
5618, 350
5619, 350
5620, 354
5621, 354
5622, 350
5623, 350
5624, 354
5625, 354
5626, 350
5627, 350
5628, 354
5629, 354
5630, 350
5631, 350
5632, 350
5633, 350
5634, 354
5635, 354
5636, 350
5637, 350
5638, 354
5639, 354
5640, 350
5641, 350
5642, 354
5643, 354
5644, 350
5645, 350
5646, 354
5647, 354
5648, 350
5649, 350
5650, 354
5651, 354
5652, 350
5653, 350
5654, 354
5655, 354
5656, 350
5657, 350
5658, 354
5659, 354
5660, 350
5661, 350
5662, 354
5663, 354
5664, 286
5665, 286
5666, 290
5667, 290
5668, 286
5669, 286
5670, 290
5671, 290
5672, 286
5673, 286
5674, 290
5675, 290
5676, 286
5677, 286
5678, 290
5679, 290
5680, 286
5681, 286
5682, 290
5683, 290
5684, 286
5685, 286
5686, 290
5687, 290
5688, 286
5689, 286
5690, 290
5691, 290
5692, 286
5693, 286
5694, 290
5695, 290
5696, 478
5697, 478
5698, 482
5699, 482
5700, 478
5701, 478
5702, 482
5703, 482
5704, 478
5705, 478
5706, 482
5707, 482
5708, 478
5709, 478
5710, 482
5711, 482
5712, 478
5713, 478
5714, 482
5715, 482
5716, 478
5717, 478
5718, 482
5719, 482
5720, 478
5721, 478
5722, 482
5723, 482
5724, 478
5725, 478
5726, 482
5727, 482
5728, 414
5729, 414
5730, 418
5731, 418
5732, 414
5733, 414
5734, 418
5735, 418
5736, 414
5737, 414
5738, 418
5739, 418
5740, 414
5741, 414
5742, 418
5743, 418
5744, 414
5745, 414
5746, 418
5747, 418
5748, 414
5749, 414
5750, 418
5751, 418
5752, 414
5753, 414
5754, 418
5755, 418
5756, 414
5757, 414
5758, 418
5759, 418
5760, 94
5761, 94
5762, 98
5763, 98
5764, 94
5765, 94
5766, 98
5767, 98
5768, 94
5769, 94
5770, 98
5771, 98
5772, 94
5773, 94
5774, 98
5775, 98
5776, 94
5777, 94
5778, 98
5779, 98
5780, 94
5781, 94
5782, 98
5783, 98
5784, 94
5785, 94
5786, 98
5787, 98
5788, 94
5789, 94
5790, 98
5791, 98
5792, 30
5793, 30
5794, 34
5795, 34
5796, 30
5797, 30
5798, 34
5799, 34
5800, 30
5801, 30
5802, 34
5803, 34
5804, 30
5805, 30
5806, 34
5807, 34
5808, 30
5809, 30
5810, 34
5811, 34
5812, 30
5813, 30
5814, 34
5815, 34
5816, 30
5817, 30
5818, 34
5819, 34
5820, 30
5821, 30
5822, 34
5823, 34
5824, 222
5825, 222
5826, 226
5827, 226
5828, 222
5829, 222
5830, 226
5831, 226
5832, 222
5833, 222
5834, 226
5835, 226
5836, 222
5837, 222
5838, 226
5839, 226
5840, 222
5841, 222
5842, 226
5843, 226
5844, 222
5845, 222
5846, 226
5847, 226
5848, 222
5849, 222
5850, 226
5851, 226
5852, 222
5853, 222
5854, 226
5855, 226
5856, 158
5857, 158
5858, 162
5859, 162
5860, 158
5861, 158
5862, 162
5863, 162
5864, 158
5865, 158
5866, 162
5867, 162
5868, 158
5869, 158
5870, 162
5871, 162
5872, 158
5873, 158
5874, 162
5875, 162
5876, 158
5877, 158
5878, 162
5879, 162
5880, 158
5881, 158
5882, 162
5883, 162
5884, 158
5885, 158
5886, 162
5887, 162
5888, 862
5889, 862
5890, 866
5891, 866
5892, 862
5893, 862
5894, 866
5895, 866
5896, 862
5897, 862
5898, 866
5899, 866
5900, 862
5901, 862
5902, 866
5903, 866
5904, 862
5905, 862
5906, 866
5907, 866
5908, 862
5909, 862
5910, 866
5911, 866
5912, 862
5913, 862
5914, 866
5915, 866
5916, 862
5917, 862
5918, 866
5919, 866
5920, 798
5921, 798
5922, 802
5923, 802
5924, 798
5925, 798
5926, 802
5927, 802
5928, 798
5929, 798
5930, 802
5931, 802
5932, 798
5933, 798
5934, 802
5935, 802
5936, 798
5937, 798
5938, 802
5939, 802
5940, 798
5941, 798
5942, 802
5943, 802
5944, 798
5945, 798
5946, 802
5947, 802
5948, 798
5949, 798
5950, 802
5951, 802
5952, 990
5953, 990
5954, 994
5955, 994
5956, 990
5957, 990
5958, 994
5959, 994
5960, 990
5961, 990
5962, 994
5963, 994
5964, 990
5965, 990
5966, 994
5967, 994
5968, 990
5969, 990
5970, 994
5971, 994
5972, 990
5973, 990
5974, 994
5975, 994
5976, 990
5977, 990
5978, 994
5979, 994
5980, 990
5981, 990
5982, 994
5983, 994
5984, 926
5985, 926
5986, 930
5987, 930
5988, 926
5989, 926
5990, 930
5991, 930
5992, 926
5993, 926
5994, 930
5995, 930
5996, 926
5997, 926
5998, 930
5999, 930
6000, 926
6001, 926
6002, 930
6003, 930
6004, 926
6005, 926
6006, 930
6007, 930
6008, 926
6009, 926
6010, 930
6011, 930
6012, 926
6013, 926
6014, 930
6015, 930
6016, 606
6017, 606
6018, 610
6019, 610
6020, 606
6021, 606
6022, 610
6023, 610
6024, 606
6025, 606
6026, 610
6027, 610
6028, 606
6029, 606
6030, 610
6031, 610
6032, 606
6033, 606
6034, 610
6035, 610
6036, 606
6037, 606
6038, 610
6039, 610
6040, 606
6041, 606
6042, 610
6043, 610
6044, 606
6045, 606
6046, 610
6047, 610
6048, 542
6049, 542
6050, 546
6051, 546
6052, 542
6053, 542
6054, 546
6055, 546
6056, 542
6057, 542
6058, 546
6059, 546
6060, 542
6061, 542
6062, 546
6063, 546
6064, 542
6065, 542
6066, 546
6067, 546
6068, 542
6069, 542
6070, 546
6071, 546
6072, 542
6073, 542
6074, 546
6075, 546
6076, 542
6077, 542
6078, 546
6079, 546
6080, 734
6081, 734
6082, 738
6083, 738
6084, 734
6085, 734
6086, 738
6087, 738
6088, 734
6089, 734
6090, 738
6091, 738
6092, 734
6093, 734
6094, 738
6095, 738
6096, 734
6097, 734
6098, 738
6099, 738
6100, 734
6101, 734
6102, 738
6103, 738
6104, 734
6105, 734
6106, 738
6107, 738
6108, 734
6109, 734
6110, 738
6111, 738
6112, 670
6113, 670
6114, 674
6115, 674
6116, 670
6117, 670
6118, 674
6119, 674
6120, 670
6121, 670
6122, 674
6123, 674
6124, 670
6125, 670
6126, 674
6127, 674
6128, 670
6129, 670
6130, 674
6131, 674
6132, 670
6133, 670
6134, 674
6135, 674
6136, 670
6137, 670
6138, 674
6139, 674
6140, 670
6141, 670
6142, 674
6143, 674
6144, 674
6145, 674
6146, 670
6147, 670
6148, 674
6149, 674
6150, 670
6151, 670
6152, 674
6153, 674
6154, 670
6155, 670
6156, 674
6157, 674
6158, 670
6159, 670
6160, 674
6161, 674
6162, 670
6163, 670
6164, 674
6165, 674
6166, 670
6167, 670
6168, 674
6169, 674
6170, 670
6171, 670
6172, 674
6173, 674
6174, 670
6175, 670
6176, 738
6177, 738
6178, 734
6179, 734
6180, 738
6181, 738
6182, 734
6183, 734
6184, 738
6185, 738
6186, 734
6187, 734
6188, 738
6189, 738
6190, 734
6191, 734
6192, 738
6193, 738
6194, 734
6195, 734
6196, 738
6197, 738
6198, 734
6199, 734
6200, 738
6201, 738
6202, 734
6203, 734
6204, 738
6205, 738
6206, 734
6207, 734
6208, 546
6209, 546
6210, 542
6211, 542
6212, 546
6213, 546
6214, 542
6215, 542
6216, 546
6217, 546
6218, 542
6219, 542
6220, 546
6221, 546
6222, 542
6223, 542
6224, 546
6225, 546
6226, 542
6227, 542
6228, 546
6229, 546
6230, 542
6231, 542
6232, 546
6233, 546
6234, 542
6235, 542
6236, 546
6237, 546
6238, 542
6239, 542
6240, 610
6241, 610
6242, 606
6243, 606
6244, 610
6245, 610
6246, 606
6247, 606
6248, 610
6249, 610
6250, 606
6251, 606
6252, 610
6253, 610
6254, 606
6255, 606
6256, 610
6257, 610
6258, 606
6259, 606
6260, 610
6261, 610
6262, 606
6263, 606
6264, 610
6265, 610
6266, 606
6267, 606
6268, 610
6269, 610
6270, 606
6271, 606
6272, 930
6273, 930
6274, 926
6275, 926
6276, 930
6277, 930
6278, 926
6279, 926
6280, 930
6281, 930
6282, 926
6283, 926
6284, 930
6285, 930
6286, 926
6287, 926
6288, 930
6289, 930
6290, 926
6291, 926
6292, 930
6293, 930
6294, 926
6295, 926
6296, 930
6297, 930
6298, 926
6299, 926
6300, 930
6301, 930
6302, 926
6303, 926
6304, 994
6305, 994
6306, 990
6307, 990
6308, 994
6309, 994
6310, 990
6311, 990
6312, 994
6313, 994
6314, 990
6315, 990
6316, 994
6317, 994
6318, 990
6319, 990
6320, 994
6321, 994
6322, 990
6323, 990
6324, 994
6325, 994
6326, 990
6327, 990
6328, 994
6329, 994
6330, 990
6331, 990
6332, 994
6333, 994
6334, 990
6335, 990
6336, 802
6337, 802
6338, 798
6339, 798
6340, 802
6341, 802
6342, 798
6343, 798
6344, 802
6345, 802
6346, 798
6347, 798
6348, 802
6349, 802
6350, 798
6351, 798
6352, 802
6353, 802
6354, 798
6355, 798
6356, 802
6357, 802
6358, 798
6359, 798
6360, 802
6361, 802
6362, 798
6363, 798
6364, 802
6365, 802
6366, 798
6367, 798
6368, 866
6369, 866
6370, 862
6371, 862
6372, 866
6373, 866
6374, 862
6375, 862
6376, 866
6377, 866
6378, 862
6379, 862
6380, 866
6381, 866
6382, 862
6383, 862
6384, 866
6385, 866
6386, 862
6387, 862
6388, 866
6389, 866
6390, 862
6391, 862
6392, 866
6393, 866
6394, 862
6395, 862
6396, 866
6397, 866
6398, 862
6399, 862
6400, 162
6401, 162
6402, 158
6403, 158
6404, 162
6405, 162
6406, 158
6407, 158
6408, 162
6409, 162
6410, 158
6411, 158
6412, 162
6413, 162
6414, 158
6415, 158
6416, 162
6417, 162
6418, 158
6419, 158
6420, 162
6421, 162
6422, 158
6423, 158
6424, 162
6425, 162
6426, 158
6427, 158
6428, 162
6429, 162
6430, 158
6431, 158
6432, 226
6433, 226
6434, 222
6435, 222
6436, 226
6437, 226
6438, 222
6439, 222
6440, 226
6441, 226
6442, 222
6443, 222
6444, 226
6445, 226
6446, 222
6447, 222
6448, 226
6449, 226
6450, 222
6451, 222
6452, 226
6453, 226
6454, 222
6455, 222
6456, 226
6457, 226
6458, 222
6459, 222
6460, 226
6461, 226
6462, 222
6463, 222
6464, 34
6465, 34
6466, 30
6467, 30
6468, 34
6469, 34
6470, 30
6471, 30
6472, 34
6473, 34
6474, 30
6475, 30
6476, 34
6477, 34
6478, 30
6479, 30
6480, 34
6481, 34
6482, 30
6483, 30
6484, 34
6485, 34
6486, 30
6487, 30
6488, 34
6489, 34
6490, 30
6491, 30
6492, 34
6493, 34
6494, 30
6495, 30
6496, 98
6497, 98
6498, 94
6499, 94
6500, 98
6501, 98
6502, 94
6503, 94
6504, 98
6505, 98
6506, 94
6507, 94
6508, 98
6509, 98
6510, 94
6511, 94
6512, 98
6513, 98
6514, 94
6515, 94
6516, 98
6517, 98
6518, 94
6519, 94
6520, 98
6521, 98
6522, 94
6523, 94
6524, 98
6525, 98
6526, 94
6527, 94
6528, 418
6529, 418
6530, 414
6531, 414
6532, 418
6533, 418
6534, 414
6535, 414
6536, 418
6537, 418
6538, 414
6539, 414
6540, 418
6541, 418
6542, 414
6543, 414
6544, 418
6545, 418
6546, 414
6547, 414
6548, 418
6549, 418
6550, 414
6551, 414
6552, 418
6553, 418
6554, 414
6555, 414
6556, 418
6557, 418
6558, 414
6559, 414
6560, 482
6561, 482
6562, 478
6563, 478
6564, 482
6565, 482
6566, 478
6567, 478
6568, 482
6569, 482
6570, 478
6571, 478
6572, 482
6573, 482
6574, 478
6575, 478
6576, 482
6577, 482
6578, 478
6579, 478
6580, 482
6581, 482
6582, 478
6583, 478
6584, 482
6585, 482
6586, 478
6587, 478
6588, 482
6589, 482
6590, 478
6591, 478
6592, 290
6593, 290
6594, 286
6595, 286
6596, 290
6597, 290
6598, 286
6599, 286
6600, 290
6601, 290
6602, 286
6603, 286
6604, 290
6605, 290
6606, 286
6607, 286
6608, 290
6609, 290
6610, 286
6611, 286
6612, 290
6613, 290
6614, 286
6615, 286
6616, 290
6617, 290
6618, 286
6619, 286
6620, 290
6621, 290
6622, 286
6623, 286
6624, 354
6625, 354
6626, 350
6627, 350
6628, 354
6629, 354
6630, 350
6631, 350
6632, 354
6633, 354
6634, 350
6635, 350
6636, 354
6637, 354
6638, 350
6639, 350
6640, 354
6641, 354
6642, 350
6643, 350
6644, 354
6645, 354
6646, 350
6647, 350
6648, 354
6649, 354
6650, 350
6651, 350
6652, 354
6653, 354
6654, 350
6655, 350
6656, 350
6657, 350
6658, 354
6659, 354
6660, 350
6661, 350
6662, 354
6663, 354
6664, 350
6665, 350
6666, 354
6667, 354
6668, 350
6669, 350
6670, 354
6671, 354
6672, 350
6673, 350
6674, 354
6675, 354
6676, 350
6677, 350
6678, 354
6679, 354
6680, 350
6681, 350
6682, 354
6683, 354
6684, 350
6685, 350
6686, 354
6687, 354
6688, 286
6689, 286
6690, 290
6691, 290
6692, 286
6693, 286
6694, 290
6695, 290
6696, 286
6697, 286
6698, 290
6699, 290
6700, 286
6701, 286
6702, 290
6703, 290
6704, 286
6705, 286
6706, 290
6707, 290
6708, 286
6709, 286
6710, 290
6711, 290
6712, 286
6713, 286
6714, 290
6715, 290
6716, 286
6717, 286
6718, 290
6719, 290
6720, 478
6721, 478
6722, 482
6723, 482
6724, 478
6725, 478
6726, 482
6727, 482
6728, 478
6729, 478
6730, 482
6731, 482
6732, 478
6733, 478
6734, 482
6735, 482
6736, 478
6737, 478
6738, 482
6739, 482
6740, 478
6741, 478
6742, 482
6743, 482
6744, 478
6745, 478
6746, 482
6747, 482
6748, 478
6749, 478
6750, 482
6751, 482
6752, 414
6753, 414
6754, 418
6755, 418
6756, 414
6757, 414
6758, 418
6759, 418
6760, 414
6761, 414
6762, 418
6763, 418
6764, 414
6765, 414
6766, 418
6767, 418
6768, 414
6769, 414
6770, 418
6771, 418
6772, 414
6773, 414
6774, 418
6775, 418
6776, 414
6777, 414
6778, 418
6779, 418
6780, 414
6781, 414
6782, 418
6783, 418
6784, 94
6785, 94
6786, 98
6787, 98
6788, 94
6789, 94
6790, 98
6791, 98
6792, 94
6793, 94
6794, 98
6795, 98
6796, 94
6797, 94
6798, 98
6799, 98
6800, 94
6801, 94
6802, 98
6803, 98
6804, 94
6805, 94
6806, 98
6807, 98
6808, 94
6809, 94
6810, 98
6811, 98
6812, 94
6813, 94
6814, 98
6815, 98
6816, 30
6817, 30
6818, 34
6819, 34
6820, 30
6821, 30
6822, 34
6823, 34
6824, 30
6825, 30
6826, 34
6827, 34
6828, 30
6829, 30
6830, 34
6831, 34
6832, 30
6833, 30
6834, 34
6835, 34
6836, 30
6837, 30
6838, 34
6839, 34
6840, 30
6841, 30
6842, 34
6843, 34
6844, 30
6845, 30
6846, 34
6847, 34
6848, 222
6849, 222
6850, 226
6851, 226
6852, 222
6853, 222
6854, 226
6855, 226
6856, 222
6857, 222
6858, 226
6859, 226
6860, 222
6861, 222
6862, 226
6863, 226
6864, 222
6865, 222
6866, 226
6867, 226
6868, 222
6869, 222
6870, 226
6871, 226
6872, 222
6873, 222
6874, 226
6875, 226
6876, 222
6877, 222
6878, 226
6879, 226
6880, 158
6881, 158
6882, 162
6883, 162
6884, 158
6885, 158
6886, 162
6887, 162
6888, 158
6889, 158
6890, 162
6891, 162
6892, 158
6893, 158
6894, 162
6895, 162
6896, 158
6897, 158
6898, 162
6899, 162
6900, 158
6901, 158
6902, 162
6903, 162
6904, 158
6905, 158
6906, 162
6907, 162
6908, 158
6909, 158
6910, 162
6911, 162
6912, 862
6913, 862
6914, 866
6915, 866
6916, 862
6917, 862
6918, 866
6919, 866
6920, 862
6921, 862
6922, 866
6923, 866
6924, 862
6925, 862
6926, 866
6927, 866
6928, 862
6929, 862
6930, 866
6931, 866
6932, 862
6933, 862
6934, 866
6935, 866
6936, 862
6937, 862
6938, 866
6939, 866
6940, 862
6941, 862
6942, 866
6943, 866
6944, 798
6945, 798
6946, 802
6947, 802
6948, 798
6949, 798
6950, 802
6951, 802
6952, 798
6953, 798
6954, 802
6955, 802
6956, 798
6957, 798
6958, 802
6959, 802
6960, 798
6961, 798
6962, 802
6963, 802
6964, 798
6965, 798
6966, 802
6967, 802
6968, 798
6969, 798
6970, 802
6971, 802
6972, 798
6973, 798
6974, 802
6975, 802
6976, 990
6977, 990
6978, 994
6979, 994
6980, 990
6981, 990
6982, 994
6983, 994
6984, 990
6985, 990
6986, 994
6987, 994
6988, 990
6989, 990
6990, 994
6991, 994
6992, 990
6993, 990
6994, 994
6995, 994
6996, 990
6997, 990
6998, 994
6999, 994
7000, 990
7001, 990
7002, 994
7003, 994
7004, 990
7005, 990
7006, 994
7007, 994
7008, 926
7009, 926
7010, 930
7011, 930
7012, 926
7013, 926
7014, 930
7015, 930
7016, 926
7017, 926
7018, 930
7019, 930
7020, 926
7021, 926
7022, 930
7023, 930
7024, 926
7025, 926
7026, 930
7027, 930
7028, 926
7029, 926
7030, 930
7031, 930
7032, 926
7033, 926
7034, 930
7035, 930
7036, 926
7037, 926
7038, 930
7039, 930
7040, 606
7041, 606
7042, 610
7043, 610
7044, 606
7045, 606
7046, 610
7047, 610
7048, 606
7049, 606
7050, 610
7051, 610
7052, 606
7053, 606
7054, 610
7055, 610
7056, 606
7057, 606
7058, 610
7059, 610
7060, 606
7061, 606
7062, 610
7063, 610
7064, 606
7065, 606
7066, 610
7067, 610
7068, 606
7069, 606
7070, 610
7071, 610
7072, 542
7073, 542
7074, 546
7075, 546
7076, 542
7077, 542
7078, 546
7079, 546
7080, 542
7081, 542
7082, 546
7083, 546
7084, 542
7085, 542
7086, 546
7087, 546
7088, 542
7089, 542
7090, 546
7091, 546
7092, 542
7093, 542
7094, 546
7095, 546
7096, 542
7097, 542
7098, 546
7099, 546
7100, 542
7101, 542
7102, 546
7103, 546
7104, 734
7105, 734
7106, 738
7107, 738
7108, 734
7109, 734
7110, 738
7111, 738
7112, 734
7113, 734
7114, 738
7115, 738
7116, 734
7117, 734
7118, 738
7119, 738
7120, 734
7121, 734
7122, 738
7123, 738
7124, 734
7125, 734
7126, 738
7127, 738
7128, 734
7129, 734
7130, 738
7131, 738
7132, 734
7133, 734
7134, 738
7135, 738
7136, 670
7137, 670
7138, 674
7139, 674
7140, 670
7141, 670
7142, 674
7143, 674
7144, 670
7145, 670
7146, 674
7147, 674
7148, 670
7149, 670
7150, 674
7151, 674
7152, 670
7153, 670
7154, 674
7155, 674
7156, 670
7157, 670
7158, 674
7159, 674
7160, 670
7161, 670
7162, 674
7163, 674
7164, 670
7165, 670
7166, 674
7167, 674
7168, 674
7169, 674
7170, 670
7171, 670
7172, 674
7173, 674
7174, 670
7175, 670
7176, 674
7177, 674
7178, 670
7179, 670
7180, 674
7181, 674
7182, 670
7183, 670
7184, 674
7185, 674
7186, 670
7187, 670
7188, 674
7189, 674
7190, 670
7191, 670
7192, 674
7193, 674
7194, 670
7195, 670
7196, 674
7197, 674
7198, 670
7199, 670
7200, 738
7201, 738
7202, 734
7203, 734
7204, 738
7205, 738
7206, 734
7207, 734
7208, 738
7209, 738
7210, 734
7211, 734
7212, 738
7213, 738
7214, 734
7215, 734
7216, 738
7217, 738
7218, 734
7219, 734
7220, 738
7221, 738
7222, 734
7223, 734
7224, 738
7225, 738
7226, 734
7227, 734
7228, 738
7229, 738
7230, 734
7231, 734
7232, 546
7233, 546
7234, 542
7235, 542
7236, 546
7237, 546
7238, 542
7239, 542
7240, 546
7241, 546
7242, 542
7243, 542
7244, 546
7245, 546
7246, 542
7247, 542
7248, 546
7249, 546
7250, 542
7251, 542
7252, 546
7253, 546
7254, 542
7255, 542
7256, 546
7257, 546
7258, 542
7259, 542
7260, 546
7261, 546
7262, 542
7263, 542
7264, 610
7265, 610
7266, 606
7267, 606
7268, 610
7269, 610
7270, 606
7271, 606
7272, 610
7273, 610
7274, 606
7275, 606
7276, 610
7277, 610
7278, 606
7279, 606
7280, 610
7281, 610
7282, 606
7283, 606
7284, 610
7285, 610
7286, 606
7287, 606
7288, 610
7289, 610
7290, 606
7291, 606
7292, 610
7293, 610
7294, 606
7295, 606
7296, 930
7297, 930
7298, 926
7299, 926
7300, 930
7301, 930
7302, 926
7303, 926
7304, 930
7305, 930
7306, 926
7307, 926
7308, 930
7309, 930
7310, 926
7311, 926
7312, 930
7313, 930
7314, 926
7315, 926
7316, 930
7317, 930
7318, 926
7319, 926
7320, 930
7321, 930
7322, 926
7323, 926
7324, 930
7325, 930
7326, 926
7327, 926
7328, 994
7329, 994
7330, 990
7331, 990
7332, 994
7333, 994
7334, 990
7335, 990
7336, 994
7337, 994
7338, 990
7339, 990
7340, 994
7341, 994
7342, 990
7343, 990
7344, 994
7345, 994
7346, 990
7347, 990
7348, 994
7349, 994
7350, 990
7351, 990
7352, 994
7353, 994
7354, 990
7355, 990
7356, 994
7357, 994
7358, 990
7359, 990
7360, 802
7361, 802
7362, 798
7363, 798
7364, 802
7365, 802
7366, 798
7367, 798
7368, 802
7369, 802
7370, 798
7371, 798
7372, 802
7373, 802
7374, 798
7375, 798
7376, 802
7377, 802
7378, 798
7379, 798
7380, 802
7381, 802
7382, 798
7383, 798
7384, 802
7385, 802
7386, 798
7387, 798
7388, 802
7389, 802
7390, 798
7391, 798
7392, 866
7393, 866
7394, 862
7395, 862
7396, 866
7397, 866
7398, 862
7399, 862
7400, 866
7401, 866
7402, 862
7403, 862
7404, 866
7405, 866
7406, 862
7407, 862
7408, 866
7409, 866
7410, 862
7411, 862
7412, 866
7413, 866
7414, 862
7415, 862
7416, 866
7417, 866
7418, 862
7419, 862
7420, 866
7421, 866
7422, 862
7423, 862
7424, 162
7425, 162
7426, 158
7427, 158
7428, 162
7429, 162
7430, 158
7431, 158
7432, 162
7433, 162
7434, 158
7435, 158
7436, 162
7437, 162
7438, 158
7439, 158
7440, 162
7441, 162
7442, 158
7443, 158
7444, 162
7445, 162
7446, 158
7447, 158
7448, 162
7449, 162
7450, 158
7451, 158
7452, 162
7453, 162
7454, 158
7455, 158
7456, 226
7457, 226
7458, 222
7459, 222
7460, 226
7461, 226
7462, 222
7463, 222
7464, 226
7465, 226
7466, 222
7467, 222
7468, 226
7469, 226
7470, 222
7471, 222
7472, 226
7473, 226
7474, 222
7475, 222
7476, 226
7477, 226
7478, 222
7479, 222
7480, 226
7481, 226
7482, 222
7483, 222
7484, 226
7485, 226
7486, 222
7487, 222
7488, 34
7489, 34
7490, 30
7491, 30
7492, 34
7493, 34
7494, 30
7495, 30
7496, 34
7497, 34
7498, 30
7499, 30
7500, 34
7501, 34
7502, 30
7503, 30
7504, 34
7505, 34
7506, 30
7507, 30
7508, 34
7509, 34
7510, 30
7511, 30
7512, 34
7513, 34
7514, 30
7515, 30
7516, 34
7517, 34
7518, 30
7519, 30
7520, 98
7521, 98
7522, 94
7523, 94
7524, 98
7525, 98
7526, 94
7527, 94
7528, 98
7529, 98
7530, 94
7531, 94
7532, 98
7533, 98
7534, 94
7535, 94
7536, 98
7537, 98
7538, 94
7539, 94
7540, 98
7541, 98
7542, 94
7543, 94
7544, 98
7545, 98
7546, 94
7547, 94
7548, 98
7549, 98
7550, 94
7551, 94
7552, 418
7553, 418
7554, 414
7555, 414
7556, 418
7557, 418
7558, 414
7559, 414
7560, 418
7561, 418
7562, 414
7563, 414
7564, 418
7565, 418
7566, 414
7567, 414
7568, 418
7569, 418
7570, 414
7571, 414
7572, 418
7573, 418
7574, 414
7575, 414
7576, 418
7577, 418
7578, 414
7579, 414
7580, 418
7581, 418
7582, 414
7583, 414
7584, 482
7585, 482
7586, 478
7587, 478
7588, 482
7589, 482
7590, 478
7591, 478
7592, 482
7593, 482
7594, 478
7595, 478
7596, 482
7597, 482
7598, 478
7599, 478
7600, 482
7601, 482
7602, 478
7603, 478
7604, 482
7605, 482
7606, 478
7607, 478
7608, 482
7609, 482
7610, 478
7611, 478
7612, 482
7613, 482
7614, 478
7615, 478
7616, 290
7617, 290
7618, 286
7619, 286
7620, 290
7621, 290
7622, 286
7623, 286
7624, 290
7625, 290
7626, 286
7627, 286
7628, 290
7629, 290
7630, 286
7631, 286
7632, 290
7633, 290
7634, 286
7635, 286
7636, 290
7637, 290
7638, 286
7639, 286
7640, 290
7641, 290
7642, 286
7643, 286
7644, 290
7645, 290
7646, 286
7647, 286
7648, 354
7649, 354
7650, 350
7651, 350
7652, 354
7653, 354
7654, 350
7655, 350
7656, 354
7657, 354
7658, 350
7659, 350
7660, 354
7661, 354
7662, 350
7663, 350
7664, 354
7665, 354
7666, 350
7667, 350
7668, 354
7669, 354
7670, 350
7671, 350
7672, 354
7673, 354
7674, 350
7675, 350
7676, 354
7677, 354
7678, 350
7679, 350
7680, 350
7681, 350
7682, 354
7683, 354
7684, 350
7685, 350
7686, 354
7687, 354
7688, 350
7689, 350
7690, 354
7691, 354
7692, 350
7693, 350
7694, 354
7695, 354
7696, 350
7697, 350
7698, 354
7699, 354
7700, 350
7701, 350
7702, 354
7703, 354
7704, 350
7705, 350
7706, 354
7707, 354
7708, 350
7709, 350
7710, 354
7711, 354
7712, 286
7713, 286
7714, 290
7715, 290
7716, 286
7717, 286
7718, 290
7719, 290
7720, 286
7721, 286
7722, 290
7723, 290
7724, 286
7725, 286
7726, 290
7727, 290
7728, 286
7729, 286
7730, 290
7731, 290
7732, 286
7733, 286
7734, 290
7735, 290
7736, 286
7737, 286
7738, 290
7739, 290
7740, 286
7741, 286
7742, 290
7743, 290
7744, 478
7745, 478
7746, 482
7747, 482
7748, 478
7749, 478
7750, 482
7751, 482
7752, 478
7753, 478
7754, 482
7755, 482
7756, 478
7757, 478
7758, 482
7759, 482
7760, 478
7761, 478
7762, 482
7763, 482
7764, 478
7765, 478
7766, 482
7767, 482
7768, 478
7769, 478
7770, 482
7771, 482
7772, 478
7773, 478
7774, 482
7775, 482
7776, 414
7777, 414
7778, 418
7779, 418
7780, 414
7781, 414
7782, 418
7783, 418
7784, 414
7785, 414
7786, 418
7787, 418
7788, 414
7789, 414
7790, 418
7791, 418
7792, 414
7793, 414
7794, 418
7795, 418
7796, 414
7797, 414
7798, 418
7799, 418
7800, 414
7801, 414
7802, 418
7803, 418
7804, 414
7805, 414
7806, 418
7807, 418
7808, 94
7809, 94
7810, 98
7811, 98
7812, 94
7813, 94
7814, 98
7815, 98
7816, 94
7817, 94
7818, 98
7819, 98
7820, 94
7821, 94
7822, 98
7823, 98
7824, 94
7825, 94
7826, 98
7827, 98
7828, 94
7829, 94
7830, 98
7831, 98
7832, 94
7833, 94
7834, 98
7835, 98
7836, 94
7837, 94
7838, 98
7839, 98
7840, 30
7841, 30
7842, 34
7843, 34
7844, 30
7845, 30
7846, 34
7847, 34
7848, 30
7849, 30
7850, 34
7851, 34
7852, 30
7853, 30
7854, 34
7855, 34
7856, 30
7857, 30
7858, 34
7859, 34
7860, 30
7861, 30
7862, 34
7863, 34
7864, 30
7865, 30
7866, 34
7867, 34
7868, 30
7869, 30
7870, 34
7871, 34
7872, 222
7873, 222
7874, 226
7875, 226
7876, 222
7877, 222
7878, 226
7879, 226
7880, 222
7881, 222
7882, 226
7883, 226
7884, 222
7885, 222
7886, 226
7887, 226
7888, 222
7889, 222
7890, 226
7891, 226
7892, 222
7893, 222
7894, 226
7895, 226
7896, 222
7897, 222
7898, 226
7899, 226
7900, 222
7901, 222
7902, 226
7903, 226
7904, 158
7905, 158
7906, 162
7907, 162
7908, 158
7909, 158
7910, 162
7911, 162
7912, 158
7913, 158
7914, 162
7915, 162
7916, 158
7917, 158
7918, 162
7919, 162
7920, 158
7921, 158
7922, 162
7923, 162
7924, 158
7925, 158
7926, 162
7927, 162
7928, 158
7929, 158
7930, 162
7931, 162
7932, 158
7933, 158
7934, 162
7935, 162
7936, 862
7937, 862
7938, 866
7939, 866
7940, 862
7941, 862
7942, 866
7943, 866
7944, 862
7945, 862
7946, 866
7947, 866
7948, 862
7949, 862
7950, 866
7951, 866
7952, 862
7953, 862
7954, 866
7955, 866
7956, 862
7957, 862
7958, 866
7959, 866
7960, 862
7961, 862
7962, 866
7963, 866
7964, 862
7965, 862
7966, 866
7967, 866
7968, 798
7969, 798
7970, 802
7971, 802
7972, 798
7973, 798
7974, 802
7975, 802
7976, 798
7977, 798
7978, 802
7979, 802
7980, 798
7981, 798
7982, 802
7983, 802
7984, 798
7985, 798
7986, 802
7987, 802
7988, 798
7989, 798
7990, 802
7991, 802
7992, 798
7993, 798
7994, 802
7995, 802
7996, 798
7997, 798
7998, 802
7999, 802
8000, 990
8001, 990
8002, 994
8003, 994
8004, 990
8005, 990
8006, 994
8007, 994
8008, 990
8009, 990
8010, 994
8011, 994
8012, 990
8013, 990
8014, 994
8015, 994
8016, 990
8017, 990
8018, 994
8019, 994
8020, 990
8021, 990
8022, 994
8023, 994
8024, 990
8025, 990
8026, 994
8027, 994
8028, 990
8029, 990
8030, 994
8031, 994
8032, 926
8033, 926
8034, 930
8035, 930
8036, 926
8037, 926
8038, 930
8039, 930
8040, 926
8041, 926
8042, 930
8043, 930
8044, 926
8045, 926
8046, 930
8047, 930
8048, 926
8049, 926
8050, 930
8051, 930
8052, 926
8053, 926
8054, 930
8055, 930
8056, 926
8057, 926
8058, 930
8059, 930
8060, 926
8061, 926
8062, 930
8063, 930
8064, 606
8065, 606
8066, 610
8067, 610
8068, 606
8069, 606
8070, 610
8071, 610
8072, 606
8073, 606
8074, 610
8075, 610
8076, 606
8077, 606
8078, 610
8079, 610
8080, 606
8081, 606
8082, 610
8083, 610
8084, 606
8085, 606
8086, 610
8087, 610
8088, 606
8089, 606
8090, 610
8091, 610
8092, 606
8093, 606
8094, 610
8095, 610
8096, 542
8097, 542
8098, 546
8099, 546
8100, 542
8101, 542
8102, 546
8103, 546
8104, 542
8105, 542
8106, 546
8107, 546
8108, 542
8109, 542
8110, 546
8111, 546
8112, 542
8113, 542
8114, 546
8115, 546
8116, 542
8117, 542
8118, 546
8119, 546
8120, 542
8121, 542
8122, 546
8123, 546
8124, 542
8125, 542
8126, 546
8127, 546
8128, 734
8129, 734
8130, 738
8131, 738
8132, 734
8133, 734
8134, 738
8135, 738
8136, 734
8137, 734
8138, 738
8139, 738
8140, 734
8141, 734
8142, 738
8143, 738
8144, 734
8145, 734
8146, 738
8147, 738
8148, 734
8149, 734
8150, 738
8151, 738
8152, 734
8153, 734
8154, 738
8155, 738
8156, 734
8157, 734
8158, 738
8159, 738
8160, 670
8161, 670
8162, 674
8163, 674
8164, 670
8165, 670
8166, 674
8167, 674
8168, 670
8169, 670
8170, 674
8171, 674
8172, 670
8173, 670
8174, 674
8175, 674
8176, 670
8177, 670
8178, 674
8179, 674
8180, 670
8181, 670
8182, 674
8183, 674
8184, 670
8185, 670
8186, 674
8187, 674
8188, 670
8189, 670
8190, 674
8191, 674
8192, 674
8193, 674
8194, 670
8195, 670
8196, 674
8197, 674
8198, 670
8199, 670
8200, 674
8201, 674
8202, 670
8203, 670
8204, 674
8205, 674
8206, 670
8207, 670
8208, 674
8209, 674
8210, 670
8211, 670
8212, 674
8213, 674
8214, 670
8215, 670
8216, 674
8217, 674
8218, 670
8219, 670
8220, 674
8221, 674
8222, 670
8223, 670
8224, 738
8225, 738
8226, 734
8227, 734
8228, 738
8229, 738
8230, 734
8231, 734
8232, 738
8233, 738
8234, 734
8235, 734
8236, 738
8237, 738
8238, 734
8239, 734
8240, 738
8241, 738
8242, 734
8243, 734
8244, 738
8245, 738
8246, 734
8247, 734
8248, 738
8249, 738
8250, 734
8251, 734
8252, 738
8253, 738
8254, 734
8255, 734
8256, 546
8257, 546
8258, 542
8259, 542
8260, 546
8261, 546
8262, 542
8263, 542
8264, 546
8265, 546
8266, 542
8267, 542
8268, 546
8269, 546
8270, 542
8271, 542
8272, 546
8273, 546
8274, 542
8275, 542
8276, 546
8277, 546
8278, 542
8279, 542
8280, 546
8281, 546
8282, 542
8283, 542
8284, 546
8285, 546
8286, 542
8287, 542
8288, 610
8289, 610
8290, 606
8291, 606
8292, 610
8293, 610
8294, 606
8295, 606
8296, 610
8297, 610
8298, 606
8299, 606
8300, 610
8301, 610
8302, 606
8303, 606
8304, 610
8305, 610
8306, 606
8307, 606
8308, 610
8309, 610
8310, 606
8311, 606
8312, 610
8313, 610
8314, 606
8315, 606
8316, 610
8317, 610
8318, 606
8319, 606
8320, 930
8321, 930
8322, 926
8323, 926
8324, 930
8325, 930
8326, 926
8327, 926
8328, 930
8329, 930
8330, 926
8331, 926
8332, 930
8333, 930
8334, 926
8335, 926
8336, 930
8337, 930
8338, 926
8339, 926
8340, 930
8341, 930
8342, 926
8343, 926
8344, 930
8345, 930
8346, 926
8347, 926
8348, 930
8349, 930
8350, 926
8351, 926
8352, 994
8353, 994
8354, 990
8355, 990
8356, 994
8357, 994
8358, 990
8359, 990
8360, 994
8361, 994
8362, 990
8363, 990
8364, 994
8365, 994
8366, 990
8367, 990
8368, 994
8369, 994
8370, 990
8371, 990
8372, 994
8373, 994
8374, 990
8375, 990
8376, 994
8377, 994
8378, 990
8379, 990
8380, 994
8381, 994
8382, 990
8383, 990
8384, 802
8385, 802
8386, 798
8387, 798
8388, 802
8389, 802
8390, 798
8391, 798
8392, 802
8393, 802
8394, 798
8395, 798
8396, 802
8397, 802
8398, 798
8399, 798
8400, 802
8401, 802
8402, 798
8403, 798
8404, 802
8405, 802
8406, 798
8407, 798
8408, 802
8409, 802
8410, 798
8411, 798
8412, 802
8413, 802
8414, 798
8415, 798
8416, 866
8417, 866
8418, 862
8419, 862
8420, 866
8421, 866
8422, 862
8423, 862
8424, 866
8425, 866
8426, 862
8427, 862
8428, 866
8429, 866
8430, 862
8431, 862
8432, 866
8433, 866
8434, 862
8435, 862
8436, 866
8437, 866
8438, 862
8439, 862
8440, 866
8441, 866
8442, 862
8443, 862
8444, 866
8445, 866
8446, 862
8447, 862
8448, 162
8449, 162
8450, 158
8451, 158
8452, 162
8453, 162
8454, 158
8455, 158
8456, 162
8457, 162
8458, 158
8459, 158
8460, 162
8461, 162
8462, 158
8463, 158
8464, 162
8465, 162
8466, 158
8467, 158
8468, 162
8469, 162
8470, 158
8471, 158
8472, 162
8473, 162
8474, 158
8475, 158
8476, 162
8477, 162
8478, 158
8479, 158
8480, 226
8481, 226
8482, 222
8483, 222
8484, 226
8485, 226
8486, 222
8487, 222
8488, 226
8489, 226
8490, 222
8491, 222
8492, 226
8493, 226
8494, 222
8495, 222
8496, 226
8497, 226
8498, 222
8499, 222
8500, 226
8501, 226
8502, 222
8503, 222
8504, 226
8505, 226
8506, 222
8507, 222
8508, 226
8509, 226
8510, 222
8511, 222
8512, 34
8513, 34
8514, 30
8515, 30
8516, 34
8517, 34
8518, 30
8519, 30
8520, 34
8521, 34
8522, 30
8523, 30
8524, 34
8525, 34
8526, 30
8527, 30
8528, 34
8529, 34
8530, 30
8531, 30
8532, 34
8533, 34
8534, 30
8535, 30
8536, 34
8537, 34
8538, 30
8539, 30
8540, 34
8541, 34
8542, 30
8543, 30
8544, 98
8545, 98
8546, 94
8547, 94
8548, 98
8549, 98
8550, 94
8551, 94
8552, 98
8553, 98
8554, 94
8555, 94
8556, 98
8557, 98
8558, 94
8559, 94
8560, 98
8561, 98
8562, 94
8563, 94
8564, 98
8565, 98
8566, 94
8567, 94
8568, 98
8569, 98
8570, 94
8571, 94
8572, 98
8573, 98
8574, 94
8575, 94
8576, 418
8577, 418
8578, 414
8579, 414
8580, 418
8581, 418
8582, 414
8583, 414
8584, 418
8585, 418
8586, 414
8587, 414
8588, 418
8589, 418
8590, 414
8591, 414
8592, 418
8593, 418
8594, 414
8595, 414
8596, 418
8597, 418
8598, 414
8599, 414
8600, 418
8601, 418
8602, 414
8603, 414
8604, 418
8605, 418
8606, 414
8607, 414
8608, 482
8609, 482
8610, 478
8611, 478
8612, 482
8613, 482
8614, 478
8615, 478
8616, 482
8617, 482
8618, 478
8619, 478
8620, 482
8621, 482
8622, 478
8623, 478
8624, 482
8625, 482
8626, 478
8627, 478
8628, 482
8629, 482
8630, 478
8631, 478
8632, 482
8633, 482
8634, 478
8635, 478
8636, 482
8637, 482
8638, 478
8639, 478
8640, 290
8641, 290
8642, 286
8643, 286
8644, 290
8645, 290
8646, 286
8647, 286
8648, 290
8649, 290
8650, 286
8651, 286
8652, 290
8653, 290
8654, 286
8655, 286
8656, 290
8657, 290
8658, 286
8659, 286
8660, 290
8661, 290
8662, 286
8663, 286
8664, 290
8665, 290
8666, 286
8667, 286
8668, 290
8669, 290
8670, 286
8671, 286
8672, 354
8673, 354
8674, 350
8675, 350
8676, 354
8677, 354
8678, 350
8679, 350
8680, 354
8681, 354
8682, 350
8683, 350
8684, 354
8685, 354
8686, 350
8687, 350
8688, 354
8689, 354
8690, 350
8691, 350
8692, 354
8693, 354
8694, 350
8695, 350
8696, 354
8697, 354
8698, 350
8699, 350
8700, 354
8701, 354
8702, 350
8703, 350
8704, 350
8705, 350
8706, 354
8707, 354
8708, 350
8709, 350
8710, 354
8711, 354
8712, 350
8713, 350
8714, 354
8715, 354
8716, 350
8717, 350
8718, 354
8719, 354
8720, 350
8721, 350
8722, 354
8723, 354
8724, 350
8725, 350
8726, 354
8727, 354
8728, 350
8729, 350
8730, 354
8731, 354
8732, 350
8733, 350
8734, 354
8735, 354
8736, 286
8737, 286
8738, 290
8739, 290
8740, 286
8741, 286
8742, 290
8743, 290
8744, 286
8745, 286
8746, 290
8747, 290
8748, 286
8749, 286
8750, 290
8751, 290
8752, 286
8753, 286
8754, 290
8755, 290
8756, 286
8757, 286
8758, 290
8759, 290
8760, 286
8761, 286
8762, 290
8763, 290
8764, 286
8765, 286
8766, 290
8767, 290
8768, 478
8769, 478
8770, 482
8771, 482
8772, 478
8773, 478
8774, 482
8775, 482
8776, 478
8777, 478
8778, 482
8779, 482
8780, 478
8781, 478
8782, 482
8783, 482
8784, 478
8785, 478
8786, 482
8787, 482
8788, 478
8789, 478
8790, 482
8791, 482
8792, 478
8793, 478
8794, 482
8795, 482
8796, 478
8797, 478
8798, 482
8799, 482
8800, 414
8801, 414
8802, 418
8803, 418
8804, 414
8805, 414
8806, 418
8807, 418
8808, 414
8809, 414
8810, 418
8811, 418
8812, 414
8813, 414
8814, 418
8815, 418
8816, 414
8817, 414
8818, 418
8819, 418
8820, 414
8821, 414
8822, 418
8823, 418
8824, 414
8825, 414
8826, 418
8827, 418
8828, 414
8829, 414
8830, 418
8831, 418
8832, 94
8833, 94
8834, 98
8835, 98
8836, 94
8837, 94
8838, 98
8839, 98
8840, 94
8841, 94
8842, 98
8843, 98
8844, 94
8845, 94
8846, 98
8847, 98
8848, 94
8849, 94
8850, 98
8851, 98
8852, 94
8853, 94
8854, 98
8855, 98
8856, 94
8857, 94
8858, 98
8859, 98
8860, 94
8861, 94
8862, 98
8863, 98
8864, 30
8865, 30
8866, 34
8867, 34
8868, 30
8869, 30
8870, 34
8871, 34
8872, 30
8873, 30
8874, 34
8875, 34
8876, 30
8877, 30
8878, 34
8879, 34
8880, 30
8881, 30
8882, 34
8883, 34
8884, 30
8885, 30
8886, 34
8887, 34
8888, 30
8889, 30
8890, 34
8891, 34
8892, 30
8893, 30
8894, 34
8895, 34
8896, 222
8897, 222
8898, 226
8899, 226
8900, 222
8901, 222
8902, 226
8903, 226
8904, 222
8905, 222
8906, 226
8907, 226
8908, 222
8909, 222
8910, 226
8911, 226
8912, 222
8913, 222
8914, 226
8915, 226
8916, 222
8917, 222
8918, 226
8919, 226
8920, 222
8921, 222
8922, 226
8923, 226
8924, 222
8925, 222
8926, 226
8927, 226
8928, 158
8929, 158
8930, 162
8931, 162
8932, 158
8933, 158
8934, 162
8935, 162
8936, 158
8937, 158
8938, 162
8939, 162
8940, 158
8941, 158
8942, 162
8943, 162
8944, 158
8945, 158
8946, 162
8947, 162
8948, 158
8949, 158
8950, 162
8951, 162
8952, 158
8953, 158
8954, 162
8955, 162
8956, 158
8957, 158
8958, 162
8959, 162
8960, 862
8961, 862
8962, 866
8963, 866
8964, 862
8965, 862
8966, 866
8967, 866
8968, 862
8969, 862
8970, 866
8971, 866
8972, 862
8973, 862
8974, 866
8975, 866
8976, 862
8977, 862
8978, 866
8979, 866
8980, 862
8981, 862
8982, 866
8983, 866
8984, 862
8985, 862
8986, 866
8987, 866
8988, 862
8989, 862
8990, 866
8991, 866
8992, 798
8993, 798
8994, 802
8995, 802
8996, 798
8997, 798
8998, 802
8999, 802
9000, 798
9001, 798
9002, 802
9003, 802
9004, 798
9005, 798
9006, 802
9007, 802
9008, 798
9009, 798
9010, 802
9011, 802
9012, 798
9013, 798
9014, 802
9015, 802
9016, 798
9017, 798
9018, 802
9019, 802
9020, 798
9021, 798
9022, 802
9023, 802
9024, 990
9025, 990
9026, 994
9027, 994
9028, 990
9029, 990
9030, 994
9031, 994
9032, 990
9033, 990
9034, 994
9035, 994
9036, 990
9037, 990
9038, 994
9039, 994
9040, 990
9041, 990
9042, 994
9043, 994
9044, 990
9045, 990
9046, 994
9047, 994
9048, 990
9049, 990
9050, 994
9051, 994
9052, 990
9053, 990
9054, 994
9055, 994
9056, 926
9057, 926
9058, 930
9059, 930
9060, 926
9061, 926
9062, 930
9063, 930
9064, 926
9065, 926
9066, 930
9067, 930
9068, 926
9069, 926
9070, 930
9071, 930
9072, 926
9073, 926
9074, 930
9075, 930
9076, 926
9077, 926
9078, 930
9079, 930
9080, 926
9081, 926
9082, 930
9083, 930
9084, 926
9085, 926
9086, 930
9087, 930
9088, 606
9089, 606
9090, 610
9091, 610
9092, 606
9093, 606
9094, 610
9095, 610
9096, 606
9097, 606
9098, 610
9099, 610
9100, 606
9101, 606
9102, 610
9103, 610
9104, 606
9105, 606
9106, 610
9107, 610
9108, 606
9109, 606
9110, 610
9111, 610
9112, 606
9113, 606
9114, 610
9115, 610
9116, 606
9117, 606
9118, 610
9119, 610
9120, 542
9121, 542
9122, 546
9123, 546
9124, 542
9125, 542
9126, 546
9127, 546
9128, 542
9129, 542
9130, 546
9131, 546
9132, 542
9133, 542
9134, 546
9135, 546
9136, 542
9137, 542
9138, 546
9139, 546
9140, 542
9141, 542
9142, 546
9143, 546
9144, 542
9145, 542
9146, 546
9147, 546
9148, 542
9149, 542
9150, 546
9151, 546
9152, 734
9153, 734
9154, 738
9155, 738
9156, 734
9157, 734
9158, 738
9159, 738
9160, 734
9161, 734
9162, 738
9163, 738
9164, 734
9165, 734
9166, 738
9167, 738
9168, 734
9169, 734
9170, 738
9171, 738
9172, 734
9173, 734
9174, 738
9175, 738
9176, 734
9177, 734
9178, 738
9179, 738
9180, 734
9181, 734
9182, 738
9183, 738
9184, 670
9185, 670
9186, 674
9187, 674
9188, 670
9189, 670
9190, 674
9191, 674
9192, 670
9193, 670
9194, 674
9195, 674
9196, 670
9197, 670
9198, 674
9199, 674
9200, 670
9201, 670
9202, 674
9203, 674
9204, 670
9205, 670
9206, 674
9207, 674
9208, 670
9209, 670
9210, 674
9211, 674
9212, 670
9213, 670
9214, 674
9215, 674
9216, 674
9217, 674
9218, 670
9219, 670
9220, 674
9221, 674
9222, 670
9223, 670
9224, 674
9225, 674
9226, 670
9227, 670
9228, 674
9229, 674
9230, 670
9231, 670
9232, 674
9233, 674
9234, 670
9235, 670
9236, 674
9237, 674
9238, 670
9239, 670
9240, 674
9241, 674
9242, 670
9243, 670
9244, 674
9245, 674
9246, 670
9247, 670
9248, 738
9249, 738
9250, 734
9251, 734
9252, 738
9253, 738
9254, 734
9255, 734
9256, 738
9257, 738
9258, 734
9259, 734
9260, 738
9261, 738
9262, 734
9263, 734
9264, 738
9265, 738
9266, 734
9267, 734
9268, 738
9269, 738
9270, 734
9271, 734
9272, 738
9273, 738
9274, 734
9275, 734
9276, 738
9277, 738
9278, 734
9279, 734
9280, 546
9281, 546
9282, 542
9283, 542
9284, 546
9285, 546
9286, 542
9287, 542
9288, 546
9289, 546
9290, 542
9291, 542
9292, 546
9293, 546
9294, 542
9295, 542
9296, 546
9297, 546
9298, 542
9299, 542
9300, 546
9301, 546
9302, 542
9303, 542
9304, 546
9305, 546
9306, 542
9307, 542
9308, 546
9309, 546
9310, 542
9311, 542
9312, 610
9313, 610
9314, 606
9315, 606
9316, 610
9317, 610
9318, 606
9319, 606
9320, 610
9321, 610
9322, 606
9323, 606
9324, 610
9325, 610
9326, 606
9327, 606
9328, 610
9329, 610
9330, 606
9331, 606
9332, 610
9333, 610
9334, 606
9335, 606
9336, 610
9337, 610
9338, 606
9339, 606
9340, 610
9341, 610
9342, 606
9343, 606
9344, 930
9345, 930
9346, 926
9347, 926
9348, 930
9349, 930
9350, 926
9351, 926
9352, 930
9353, 930
9354, 926
9355, 926
9356, 930
9357, 930
9358, 926
9359, 926
9360, 930
9361, 930
9362, 926
9363, 926
9364, 930
9365, 930
9366, 926
9367, 926
9368, 930
9369, 930
9370, 926
9371, 926
9372, 930
9373, 930
9374, 926
9375, 926
9376, 994
9377, 994
9378, 990
9379, 990
9380, 994
9381, 994
9382, 990
9383, 990
9384, 994
9385, 994
9386, 990
9387, 990
9388, 994
9389, 994
9390, 990
9391, 990
9392, 994
9393, 994
9394, 990
9395, 990
9396, 994
9397, 994
9398, 990
9399, 990
9400, 994
9401, 994
9402, 990
9403, 990
9404, 994
9405, 994
9406, 990
9407, 990
9408, 802
9409, 802
9410, 798
9411, 798
9412, 802
9413, 802
9414, 798
9415, 798
9416, 802
9417, 802
9418, 798
9419, 798
9420, 802
9421, 802
9422, 798
9423, 798
9424, 802
9425, 802
9426, 798
9427, 798
9428, 802
9429, 802
9430, 798
9431, 798
9432, 802
9433, 802
9434, 798
9435, 798
9436, 802
9437, 802
9438, 798
9439, 798
9440, 866
9441, 866
9442, 862
9443, 862
9444, 866
9445, 866
9446, 862
9447, 862
9448, 866
9449, 866
9450, 862
9451, 862
9452, 866
9453, 866
9454, 862
9455, 862
9456, 866
9457, 866
9458, 862
9459, 862
9460, 866
9461, 866
9462, 862
9463, 862
9464, 866
9465, 866
9466, 862
9467, 862
9468, 866
9469, 866
9470, 862
9471, 862
9472, 162
9473, 162
9474, 158
9475, 158
9476, 162
9477, 162
9478, 158
9479, 158
9480, 162
9481, 162
9482, 158
9483, 158
9484, 162
9485, 162
9486, 158
9487, 158
9488, 162
9489, 162
9490, 158
9491, 158
9492, 162
9493, 162
9494, 158
9495, 158
9496, 162
9497, 162
9498, 158
9499, 158
9500, 162
9501, 162
9502, 158
9503, 158
9504, 226
9505, 226
9506, 222
9507, 222
9508, 226
9509, 226
9510, 222
9511, 222
9512, 226
9513, 226
9514, 222
9515, 222
9516, 226
9517, 226
9518, 222
9519, 222
9520, 226
9521, 226
9522, 222
9523, 222
9524, 226
9525, 226
9526, 222
9527, 222
9528, 226
9529, 226
9530, 222
9531, 222
9532, 226
9533, 226
9534, 222
9535, 222
9536, 34
9537, 34
9538, 30
9539, 30
9540, 34
9541, 34
9542, 30
9543, 30
9544, 34
9545, 34
9546, 30
9547, 30
9548, 34
9549, 34
9550, 30
9551, 30
9552, 34
9553, 34
9554, 30
9555, 30
9556, 34
9557, 34
9558, 30
9559, 30
9560, 34
9561, 34
9562, 30
9563, 30
9564, 34
9565, 34
9566, 30
9567, 30
9568, 98
9569, 98
9570, 94
9571, 94
9572, 98
9573, 98
9574, 94
9575, 94
9576, 98
9577, 98
9578, 94
9579, 94
9580, 98
9581, 98
9582, 94
9583, 94
9584, 98
9585, 98
9586, 94
9587, 94
9588, 98
9589, 98
9590, 94
9591, 94
9592, 98
9593, 98
9594, 94
9595, 94
9596, 98
9597, 98
9598, 94
9599, 94
9600, 418
9601, 418
9602, 414
9603, 414
9604, 418
9605, 418
9606, 414
9607, 414
9608, 418
9609, 418
9610, 414
9611, 414
9612, 418
9613, 418
9614, 414
9615, 414
9616, 418
9617, 418
9618, 414
9619, 414
9620, 418
9621, 418
9622, 414
9623, 414
9624, 418
9625, 418
9626, 414
9627, 414
9628, 418
9629, 418
9630, 414
9631, 414
9632, 482
9633, 482
9634, 478
9635, 478
9636, 482
9637, 482
9638, 478
9639, 478
9640, 482
9641, 482
9642, 478
9643, 478
9644, 482
9645, 482
9646, 478
9647, 478
9648, 482
9649, 482
9650, 478
9651, 478
9652, 482
9653, 482
9654, 478
9655, 478
9656, 482
9657, 482
9658, 478
9659, 478
9660, 482
9661, 482
9662, 478
9663, 478
9664, 290
9665, 290
9666, 286
9667, 286
9668, 290
9669, 290
9670, 286
9671, 286
9672, 290
9673, 290
9674, 286
9675, 286
9676, 290
9677, 290
9678, 286
9679, 286
9680, 290
9681, 290
9682, 286
9683, 286
9684, 290
9685, 290
9686, 286
9687, 286
9688, 290
9689, 290
9690, 286
9691, 286
9692, 290
9693, 290
9694, 286
9695, 286
9696, 354
9697, 354
9698, 350
9699, 350
9700, 354
9701, 354
9702, 350
9703, 350
9704, 354
9705, 354
9706, 350
9707, 350
9708, 354
9709, 354
9710, 350
9711, 350
9712, 354
9713, 354
9714, 350
9715, 350
9716, 354
9717, 354
9718, 350
9719, 350
9720, 354
9721, 354
9722, 350
9723, 350
9724, 354
9725, 354
9726, 350
9727, 350
9728, 350
9729, 350
9730, 354
9731, 354
9732, 350
9733, 350
9734, 354
9735, 354
9736, 350
9737, 350
9738, 354
9739, 354
9740, 350
9741, 350
9742, 354
9743, 354
9744, 350
9745, 350
9746, 354
9747, 354
9748, 350
9749, 350
9750, 354
9751, 354
9752, 350
9753, 350
9754, 354
9755, 354
9756, 350
9757, 350
9758, 354
9759, 354
9760, 286
9761, 286
9762, 290
9763, 290
9764, 286
9765, 286
9766, 290
9767, 290
9768, 286
9769, 286
9770, 290
9771, 290
9772, 286
9773, 286
9774, 290
9775, 290
9776, 286
9777, 286
9778, 290
9779, 290
9780, 286
9781, 286
9782, 290
9783, 290
9784, 286
9785, 286
9786, 290
9787, 290
9788, 286
9789, 286
9790, 290
9791, 290
9792, 478
9793, 478
9794, 482
9795, 482
9796, 478
9797, 478
9798, 482
9799, 482
9800, 478
9801, 478
9802, 482
9803, 482
9804, 478
9805, 478
9806, 482
9807, 482
9808, 478
9809, 478
9810, 482
9811, 482
9812, 478
9813, 478
9814, 482
9815, 482
9816, 478
9817, 478
9818, 482
9819, 482
9820, 478
9821, 478
9822, 482
9823, 482
9824, 414
9825, 414
9826, 418
9827, 418
9828, 414
9829, 414
9830, 418
9831, 418
9832, 414
9833, 414
9834, 418
9835, 418
9836, 414
9837, 414
9838, 418
9839, 418
9840, 414
9841, 414
9842, 418
9843, 418
9844, 414
9845, 414
9846, 418
9847, 418
9848, 414
9849, 414
9850, 418
9851, 418
9852, 414
9853, 414
9854, 418
9855, 418
9856, 94
9857, 94
9858, 98
9859, 98
9860, 94
9861, 94
9862, 98
9863, 98
9864, 94
9865, 94
9866, 98
9867, 98
9868, 94
9869, 94
9870, 98
9871, 98
9872, 94
9873, 94
9874, 98
9875, 98
9876, 94
9877, 94
9878, 98
9879, 98
9880, 94
9881, 94
9882, 98
9883, 98
9884, 94
9885, 94
9886, 98
9887, 98
9888, 30
9889, 30
9890, 34
9891, 34
9892, 30
9893, 30
9894, 34
9895, 34
9896, 30
9897, 30
9898, 34
9899, 34
9900, 30
9901, 30
9902, 34
9903, 34
9904, 30
9905, 30
9906, 34
9907, 34
9908, 30
9909, 30
9910, 34
9911, 34
9912, 30
9913, 30
9914, 34
9915, 34
9916, 30
9917, 30
9918, 34
9919, 34
9920, 222
9921, 222
9922, 226
9923, 226
9924, 222
9925, 222
9926, 226
9927, 226
9928, 222
9929, 222
9930, 226
9931, 226
9932, 222
9933, 222
9934, 226
9935, 226
9936, 222
9937, 222
9938, 226
9939, 226
9940, 222
9941, 222
9942, 226
9943, 226
9944, 222
9945, 222
9946, 226
9947, 226
9948, 222
9949, 222
9950, 226
9951, 226
9952, 158
9953, 158
9954, 162
9955, 162
9956, 158
9957, 158
9958, 162
9959, 162
9960, 158
9961, 158
9962, 162
9963, 162
9964, 158
9965, 158
9966, 162
9967, 162
9968, 158
9969, 158
9970, 162
9971, 162
9972, 158
9973, 158
9974, 162
9975, 162
9976, 158
9977, 158
9978, 162
9979, 162
9980, 158
9981, 158
9982, 162
9983, 162
9984, 862
9985, 862
9986, 866
9987, 866
9988, 862
9989, 862
9990, 866
9991, 866
9992, 862
9993, 862
9994, 866
9995, 866
9996, 862
9997, 862
9998, 866
9999, 866
10000, 862
